0.0043351,-0.025636,0.02496,-0.0075889,0.028183,-0.029825
0.010136,-0.019835,0.021093,-0.0098447,0.02496,-0.025636
0.00788,-0.014679,0.016581,-0.017901,0.026572,-0.025314
0.010458,-0.021446,0.015614,-0.016612,0.026894,-0.031437
0.01207,-0.029825,0.015937,-0.017579,0.023349,-0.027892
0.012714,-0.022091,0.013359,-0.021769,0.024316,-0.031759
0.010458,-0.021124,0.0094914,-0.013712,0.018193,-0.028214
0.011425,-0.027247,0.006591,-0.014679,0.01497,-0.02628
0.00788,-0.021769,0.006591,-0.021124,0.015614,-0.031759
0.0049796,-0.023058,0.015614,-0.022735,0.018193,-0.029825
0.0053019,-0.015646,0.012392,-0.02338,0.021093,-0.027247
0.0059464,-0.018868,0.016904,-0.018868,0.018193,-0.027892
0.011425,-0.029181,0.019804,-0.015001,0.021415,-0.02338
0.0088468,-0.024347,0.023993,-0.013067,0.019482,-0.024347
0.011103,-0.025314,0.019804,-0.015001,0.019804,-0.029181
0.0072355,-0.028536,0.011425,-0.014034,0.020126,-0.028859
0.010458,-0.031759,0.010458,-0.014679,0.020771,-0.030792
0.0085246,-0.031759,0.0088468,-0.014034,0.01787,-0.028859
0.0040128,-0.024347,0.01207,-0.011778,0.017226,-0.024025
0.0069132,-0.015646,0.016581,-0.0082334,0.02206,-0.019513
0.011425,-0.015323,0.016904,-0.015646,0.023993,-0.021124
0.018837,-0.012101,0.015292,-0.018224,0.023671,-0.022735
0.020126,-0.010489,0.019482,-0.020157,0.020126,-0.02338
0.016259,-0.022091,0.014648,-0.024991,0.019482,-0.024025
0.019159,-0.028859,0.01207,-0.016935,0.021415,-0.022413
0.021738,-0.024991,0.015614,-0.019191,0.022382,-0.025958
0.022704,-0.0079111,0.020126,-0.015646,0.022704,-0.025314
0.02206,-0.0092002,0.022704,-0.012745,0.010136,-0.024669
0.012392,-0.018868,0.016581,-0.015323,0.0094914,-0.024347
0.013359,-0.017257,0.018837,-0.010812,0.01207,-0.022091
0.014325,-0.0066221,0.019159,-0.01629,0.01078,-0.02048
0.014325,-0.014679,0.020771,-0.019513,0.012392,-0.028536
0.011747,-0.022735,0.016904,-0.015646,0.0094914,-0.031114
0.0098136,-0.023058,0.012392,-0.015323,0.015614,-0.029181
0.012714,-0.023702,0.0043351,-0.019513,0.020449,-0.030148
0.0049796,-0.026603,0.011103,-0.02048,0.033339,-0.028214
0.010136,-0.024025,0.0098136,-0.019191,0.020126,-0.024025
0.018515,-0.025958,0.013036,-0.014034,-0.050451,-0.026603
0.020449,-0.028536,0.011425,-0.023058,-0.093635,-0.022735
0.022382,-0.026603,0.0082023,0.013359,0.011103,-0.018224
0.011103,-0.03337,0.013359,0.042363,0.058798,-0.028214
0.0024015,-0.029181,0.023993,-0.047228,0.043007,-0.043038
0.0069132,-0.025958,0.021738,-0.062697,0.072978,-0.038527
0.0085246,-0.028536,0.016259,-0.014679,0.079424,-0.027892
0.012714,-0.02338,0.013681,-0.0088779,0.090703,-0.024347
0.011425,-0.018868,0.024638,-0.019835,0.10134,-0.024025
0.0088468,-0.017579,0.019804,-0.011778,0.096504,-0.024991
0.0075578,-0.02048,0.019159,-0.014357,0.082646,-0.028536
0.0059464,-0.020157,0.01787,-0.0088779,0.050097,-0.031437
0.0072355,-0.022413,0.016259,-0.0095225,0.023349,-0.025636
0.014325,-0.024025,0.019482,-0.014357,0.020771,-0.028536
0.012392,-0.022735,0.018837,-0.02048,0.0072355,-0.027892
0.010458,-0.024991,0.01497,-0.019835,0.0017569,-0.026603
0.013681,-0.028214,0.014648,-0.019513,0.00079012,-0.027247
0.013359,-0.02628,0.015292,-0.017901,-0.013712,-0.024991
0.012714,-0.02338,0.019159,-0.023702,-0.019835,-0.02048
0.015292,-0.018546,0.02206,-0.017579,-0.035949,-0.026603
0.014325,-0.017257,0.018515,-0.018224,-0.04046,-0.026603
0.017548,-0.019513,0.025605,-0.01629,-0.038849,-0.02628
0.016581,-0.018868,0.020126,-0.017901,-0.025958,-0.025314
0.01497,-0.021769,0.01497,-0.019513,0.025927,-0.024347
0.0082023,-0.018224,0.013036,-0.014679,0.057832,-0.026603
0.0072355,-0.015323,0.011747,-0.01629,0.071045,-0.030148
0.0062687,-0.016612,0.010458,-0.018224,0.043652,-0.025958
0.010458,-0.019513,0.015292,-0.013712,0.01787,-0.021446
0.015292,-0.020802,0.018193,-0.013712,0.010136,-0.019513
0.0091691,-0.023702,0.01787,-0.01339,0.013681,-0.022735
0.0024015,-0.028859,0.019159,-0.014357,0.013681,-0.024991
-0.0014658,-0.031114,0.018837,-0.021446,0.022382,-0.031114
-0.0030771,-0.026603,0.014648,-0.016935,0.021415,-0.029825
-0.0014658,-0.034015,0.012392,-0.015968,0.020771,-0.027247
0.0043351,-0.028536,0.01078,-0.016612,0.020771,-0.031759
0.011425,-0.021446,0.01078,-0.019835,0.02206,-0.026925
0.010136,-0.023702,0.014325,-0.011778,0.021093,-0.02757
0.0075578,-0.024669,0.0085246,-0.014357,0.016904,-0.031114
0.011425,-0.02048,0.0094914,-0.01629,0.018193,-0.027247
0.0082023,-0.015001,0.014325,-0.013712,0.023671,-0.02757
0.00788,-0.013712,0.016904,-0.017257,0.026249,-0.023702
0.014325,-0.01629,0.01787,-0.016935,0.027861,-0.02628
0.014648,-0.019513,0.016259,-0.011778,0.02206,-0.025636
0.01787,-0.025636,0.017226,-0.010167,0.028827,-0.025958
0.018193,-0.028536,0.012392,-0.014679,0.031083,-0.025314
0.020126,-0.024991,0.0088468,-0.01629,0.02496,-0.024669
0.011103,-0.021769,0.014003,-0.015001,0.027861,-0.023702
0.010458,-0.02338,0.013036,-0.024991,0.023993,-0.02757
0.011747,-0.025958,0.013036,-0.014357,0.020449,-0.02757
0.012714,-0.026603,0.013681,-0.012745,0.021093,-0.028214
0.010136,-0.03047,0.013359,-0.020157,0.02496,-0.025958
0.013681,-0.024991,0.015614,-0.027247,0.021415,-0.021446
0.010458,-0.024025,0.019159,-0.023058,0.021738,-0.021124
0.0098136,-0.025314,0.02206,-0.022413,0.021738,-0.021769
0.010136,-0.024025,0.018515,-0.021769,0.019804,-0.025636
0.016904,-0.019513,0.018515,-0.019513,0.023671,-0.033693
0.014003,-0.019191,0.012714,-0.015968,0.020126,-0.035304
0.0053019,-0.020157,0.017548,-0.015323,0.016904,-0.029825
0.0088468,-0.01629,0.014003,-0.018546,0.021415,-0.02628
0.01207,-0.019835,0.015292,-0.014679,0.020771,-0.030148
0.012392,-0.021446,0.022382,-0.0056553,0.021738,-0.03337
0.011103,-0.017901,0.018193,-0.011134,0.0085246,-0.027892
0.013681,-0.020157,0.015614,-0.014357,0.0036905,-0.028859
0.015292,-0.024347,0.016581,-0.0050107,0.012392,-0.030148
0.019804,-0.02048,0.015292,-0.010812,0.019482,-0.026603
0.020771,-0.02048,0.015614,-0.01629,0.026249,-0.03047
0.018515,-0.019513,0.015292,-0.015323,0.029472,-0.029503
0.015614,-0.02048,0.020126,-0.01629,0.031728,-0.029503
0.011425,-0.019835,0.018193,-0.01629,0.035917,-0.02757
0.010136,-0.026603,0.021093,-0.0095225,0.034306,-0.026925
0.011103,-0.024025,0.016904,-0.017257,0.023993,-0.029503
0.014003,-0.021446,0.016259,-0.015001,0.019804,-0.028536
0.0091691,-0.02048,0.019804,-0.012423,0.01787,-0.033693
0.0059464,-0.022091,0.020449,-0.018546,0.014325,-0.030792
0.0027237,-0.020157,0.020449,-0.01339,0.0040128,-0.023058
0.0033683,-0.017579,0.021738,-0.00082122,0.0082023,-0.031437
0.0024015,-0.019835,0.020771,-0.0046884,0.016581,-0.032081
-0.00082122,-0.024025,0.016581,-0.027892,0.013681,-0.019191
-0.00017668,-0.028214,0.01497,-0.024347,0.020126,-0.02338
-0.0021103,-0.028536,0.013681,-0.024669,0.014325,-0.027247
-0.001788,-0.02757,0.015292,-0.023702,0.01078,-0.021446
-0.00017668,-0.025636,0.013036,-0.025636,0.0056242,-0.021446
0.0069132,-0.026925,0.013359,-0.018868,0.0020792,-0.024669
0.0072355,-0.024669,0.0088468,-0.02048,-0.0021103,-0.026603
0.0033683,-0.025958,0.012392,-0.016935,-0.0095225,-0.028214
0.0053019,-0.026603,0.013681,-0.023702,0.0027237,-0.025314
0.0072355,-0.025636,0.014325,-0.031114,0.01787,-0.025958
0.0085246,-0.02628,0.019482,-0.021769,0.030439,-0.026603
0.0082023,-0.02628,0.019482,-0.015323,0.049775,-0.022091
0.011747,-0.03337,0.01787,-0.0075889,0.072978,-0.022091
0.011747,-0.031114,0.016904,-0.0075889,0.063955,-0.030792
0.015937,-0.026925,0.01497,-0.0088779,0.027861,-0.028536
0.017548,-0.024669,0.015937,-0.0011435,0.024638,-0.023702
0.019159,-0.013712,0.012714,0.0024015,0.057509,-0.018224
0.019159,0.00014558,0.023993,-0.0014658,0.061699,-0.016935
0.019804,-0.0082334,0.023027,-0.0040439,0.031728,-0.014357
0.017548,-0.017901,0.017226,-0.011134,0.012392,-0.016612
0.014325,-0.015968,0.014648,-0.019513,0.00788,-0.019191
0.013359,-0.01629,0.016904,-0.015001,0.0040128,-0.024669
0.012392,-0.018546,0.023027,-0.021124,-0.00049895,-0.027247
0.012392,-0.018868,0.022382,-0.021124,-0.0024326,-0.031759
0.014003,-0.016935,0.011425,-0.01339,-0.0066221,-0.031114
0.00788,-0.01629,0.014325,-0.024991,-0.0079111,-0.032081
0.0072355,-0.018868,0.018515,-0.029825,0.0075578,-0.031437
0.012392,-0.019513,0.021738,-0.015968,0.030117,-0.031437
0.015292,-0.016935,0.022704,-0.018546,0.051709,-0.029503
0.012714,-0.01629,0.016904,-0.019191,0.061699,-0.031759
0.013681,-0.022735,0.011103,-0.014034,0.058798,-0.029181
0.010136,-0.021446,0.012714,-0.015646,0.039785,-0.025636
0.016904,-0.023058,0.0094914,-0.020157,0.01787,-0.03337
0.011747,-0.030792,0.0062687,-0.021446,0.012392,-0.037238
0.00788,-0.026925,0.014003,-0.021446,0.016581,-0.035304
0.006591,-0.024347,0.014648,-0.02048,0.017548,-0.027892
0.006591,-0.024025,0.011425,-0.017901,0.021738,-0.026925
0.0085246,-0.021124,0.016581,-0.014357,0.020771,-0.024669
0.013036,-0.021124,0.018515,-0.014357,0.019482,-0.023702
0.01497,-0.02338,0.010136,-0.014679,0.012392,-0.022413
0.013681,-0.024025,0.0094914,-0.0098447,0.010136,-0.022091
0.017226,-0.021769,0.011425,-0.01629,0.016581,-0.020157
0.014003,-0.022091,0.016259,-0.028214,0.013036,-0.030148
0.011103,-0.022735,0.018193,-0.019513,0.013359,-0.029503
0.0085246,-0.025314,0.014648,-0.017901,0.014648,-0.029825
0.0056242,-0.024669,0.013681,-0.025958,0.015614,-0.034015
0.0059464,-0.02757,0.006591,-0.030792,0.012392,-0.028859
0.0072355,-0.028536,0.011103,-0.018224,0.0088468,-0.027247
0.0056242,-0.027247,0.010136,-0.022735,0.0056242,-0.026925
0.0088468,-0.02628,0.0072355,-0.017579,0.0027237,-0.024025
0.0072355,-0.030148,0.0094914,-0.012745,-0.0066221,-0.022735
0.010136,-0.02628,0.01207,-0.0092002,-0.016935,-0.021446
0.0082023,-0.024025,0.015292,-0.005333,-0.012101,-0.017579
0.01078,-0.028859,0.020771,-0.0056553,0.0053019,-0.015001
0.013036,-0.029181,0.016259,-0.0069443,0.048486,-0.024991
0.010458,-0.024669,0.018515,-0.0095225,0.12067,-0.026925
0.014648,-0.024669,0.018515,-0.010489,0.13163,-0.024025
0.00788,-0.02338,0.019159,0.0020792,0.08039,-0.024347
0.0088468,-0.017901,0.023993,0.0040128,0.024316,-0.024669
0.0091691,-0.010489,0.02496,-0.0030771,0.017548,-0.021124
0.011425,-0.010489,0.023349,-0.024669,0.018837,-0.023702
0.013359,-0.012745,0.020449,-0.017257,0.014325,-0.024669
0.014325,-0.013067,0.014325,-0.023702,0.01497,-0.023702
0.016259,-0.01629,0.016259,-0.021769,0.0094914,-0.029825
0.01207,-0.026925,0.016259,-0.022413,0.010458,-0.031759
0.011103,-0.024025,0.019482,-0.022735,0.0098136,-0.032726
0.013359,-0.021446,0.019159,-0.021124,0.0072355,-0.025636
0.014325,-0.027247,0.011747,-0.022091,0.0062687,-0.021769
0.016581,-0.028859,0.01207,-0.019835,0.0069132,-0.024669
0.016259,-0.024025,0.014648,-0.022091,0.010136,-0.02757
0.014325,-0.028536,0.01207,-0.018868,0.013036,-0.027892
0.0088468,-0.028214,0.01787,-0.015001,0.017226,-0.028859
0.012392,-0.025636,0.01497,-0.017901,0.017548,-0.028214
0.016259,-0.023058,0.016581,-0.035949,0.016259,-0.029503
0.01078,-0.02628,0.018837,-0.025958,0.019159,-0.030148
0.011747,-0.028536,0.014003,0.035595,0.016904,-0.037882
0.017226,-0.026925,0.014648,0.014325,0.018837,-0.029181
0.0094914,-0.023058,0.013359,-0.04465,0.013681,-0.027247
0.010136,-0.021124,0.015937,-0.057863,0.0088468,-0.03337
0.013681,-0.021446,0.018515,-0.0043662,0.017548,-0.029181
0.01078,-0.021769,0.013036,-0.012745,0.018837,-0.029503
0.013036,-0.02048,0.0085246,-0.019191,0.016259,-0.026925
0.011747,-0.025958,0.012714,-0.022091,0.023027,-0.02757
0.0098136,-0.023058,0.01497,-0.012745,0.021415,-0.025958
0.0085246,-0.022413,0.014003,-0.022091,0.019159,-0.026925
0.0082023,-0.018224,0.015614,-0.01629,0.0098136,-0.025314
0.0062687,-0.022735,0.015292,-0.0088779,-0.0037216,-0.024347
0.0072355,-0.021769,0.012392,-0.013067,0.011103,-0.024991
-0.00017668,-0.01629,0.016259,-0.020802,0.025283,-0.024347
-0.00082122,-0.015968,0.014003,-0.020157,0.021738,-0.024669
0.0046573,-0.016612,0.016581,-0.011134,0.01497,-0.024347
0.0014347,-0.019835,0.023027,-0.0079111,0.04623,-0.024669
0.0040128,-0.017579,0.018193,-0.012745,0.057187,-0.02048
0.010136,-0.019835,0.021738,-0.011778,0.053642,-0.026925
0.0088468,-0.016612,0.020126,-0.0085557,0.043974,-0.029181
0.0049796,-0.018546,0.015614,-0.015323,0.02915,-0.025958
0.0056242,-0.022091,0.015937,-0.017901,0.025605,-0.026603
0.0075578,-0.018224,0.017226,-0.012745,0.019804,-0.027892
0.0036905,-0.015968,0.020449,-0.0082334,0.016581,-0.023702
0.0043351,-0.019835,0.019159,-0.0082334,0.024316,-0.027892
0.0075578,-0.025958,0.01497,-0.022735,0.020449,-0.032404
0.011425,-0.027247,0.020449,0.0040128,0.018837,-0.029503
0.014003,-0.028214,0.014648,-0.014679,0.027861,-0.032081
0.015292,-0.025314,0.0098136,-0.021769,0.022382,-0.028536
0.013036,-0.02757,0.014003,-0.013712,0.014003,-0.029825
0.018837,-0.032081,0.012714,-0.0062998,0.0094914,-0.030148
0.018837,-0.025958,0.017226,-0.02628,0.00788,-0.027247
0.014325,-0.031759,0.014648,-0.029825,0.011747,-0.03047
0.016904,-0.029825,0.019804,-0.025636,0.016581,-0.03047
0.020449,-0.023702,0.016581,-0.024025,0.0088468,-0.027892
0.018515,-0.023058,0.021415,-0.019513,0.015937,-0.019835
0.013681,-0.01629,0.024316,-0.018546,0.021738,-0.024025
0.010458,-0.011134,0.018515,-0.017901,0.033662,-0.025958
0.0088468,-0.0069443,0.018837,-0.017901,0.050419,-0.025636
0.0088468,-0.01629,0.018837,-0.015968,0.056543,-0.024347
0.0088468,-0.025636,0.018193,-0.011778,0.040429,-0.025958
0.011425,-0.017579,0.017548,-0.015968,0.023027,-0.028859
0.01078,-0.014679,0.019804,-0.017257,0.0072355,-0.024669
0.014648,-0.018224,0.018837,-0.015001,0.0062687,-0.02338
0.018515,-0.021769,0.017548,-0.015323,0.0091691,-0.024669
0.021415,-0.019191,0.013359,-0.012423,0.013359,-0.02757
0.019482,-0.018868,0.017226,-0.015001,0.013036,-0.023702
0.016904,-0.019191,0.012392,-0.019191,0.015292,-0.022735
0.018837,-0.024347,0.01207,-0.014357,0.020449,-0.034659
0.015614,-0.025636,0.011103,-0.018868,0.019482,-0.024025
0.0085246,-0.030792,0.014648,-0.017257,0.021415,-0.020157
0.0020792,-0.029825,0.014325,-0.018546,0.02206,-0.021124
0.0062687,-0.026603,0.011103,-0.012745,0.018515,-0.023058
0.00788,-0.024347,0.010458,-0.014034,0.023993,-0.024669
0.0056242,-0.020802,0.017226,-0.010167,0.025605,-0.02338
0.00788,-0.020157,0.016904,-0.010167,0.025283,-0.024991
0.013681,-0.018546,0.015937,-0.018224,0.021093,-0.025314
0.0085246,-0.022091,0.01497,-0.014034,0.018193,-0.034659
0.012714,-0.024347,0.013681,-0.0095225,0.01787,-0.035304
0.013681,-0.024025,0.013681,-0.011456,0.016259,-0.03337
0.0056242,-0.024991,0.0091691,-0.0092002,0.018193,-0.029825
0.0059464,-0.021446,0.011747,-0.015968,0.016581,-0.027892
0.0049796,-0.020802,0.014648,-0.02048,0.018193,-0.026603
-0.0037216,-0.024347,0.018193,-0.013712,0.023993,-0.029181
-0.0043662,-0.027892,0.016581,-0.0095225,0.024638,-0.03047
-0.00017668,-0.027247,0.015292,-0.0088779,0.021093,-0.027892
0.0011124,-0.023702,0.016259,-0.015646,0.020449,-0.031437
0.006591,-0.022735,0.019482,-0.015001,0.021093,-0.03047
0.0059464,-0.022735,0.02206,-0.013712,0.019482,-0.024991
0.0027237,-0.023702,0.018193,-0.015323,0.020449,-0.024669
0.0043351,-0.022735,0.011103,-0.022091,0.023027,-0.032404
0.011747,-0.018546,0.016259,-0.020802,0.025927,-0.02757
0.01078,-0.023702,0.020126,-0.013712,0.028183,-0.02048
0.015292,-0.025958,0.014648,-0.015001,0.027861,-0.024347
0.016259,-0.025636,0.010458,-0.020802,0.034306,-0.027247
0.015614,-0.029181,0.016259,-0.021124,0.018837,-0.033048
0.014648,-0.027247,0.018837,-0.019513,-0.024347,-0.029181
0.0091691,-0.029181,0.016904,-0.013712,-0.024025,-0.02757
0.016581,-0.02338,0.019482,-0.012423,0.0085246,-0.02628
0.02206,-0.027892,0.014325,-0.016612,0.015292,-0.025636
0.025283,-0.027892,0.014325,-0.016612,0.021738,-0.024347
0.020771,-0.022735,0.014325,-0.011456,0.018193,-0.024347
0.016581,-0.024025,0.016259,-0.0095225,0.027216,-0.024669
0.016581,-0.024669,0.017226,-0.019835,0.032695,-0.024669
0.022704,-0.021124,0.01787,-0.033693,0.028505,-0.023058
0.019482,-0.017901,0.01787,-0.022413,0.030761,-0.02338
0.01787,-0.015001,0.0088468,-0.022735,0.028827,-0.026603
0.013681,-0.01629,0.015937,-0.022091,0.026572,-0.023702
0.0062687,-0.014679,0.013681,-0.016612,0.02206,-0.02628
0.0072355,-0.017257,0.01207,-0.018868,0.01787,-0.024347
0.00014558,-0.017579,0.01497,-0.016612,0.019159,-0.020802
-0.0062998,-0.023702,0.015614,-0.014034,0.023349,-0.02338
-0.0079111,-0.02338,0.020449,-0.014034,0.027538,-0.020802
-0.0059775,-0.024025,0.016581,-0.015968,0.026572,-0.019513
-0.0037216,-0.018546,0.013359,-0.014357,0.025605,-0.016612
0.0011124,-0.017257,0.013681,-0.001788,0.022382,-0.027892
-0.00082122,-0.019835,0.017226,0.003046,0.023027,-0.028536
0.00046785,-0.021769,0.023027,-0.027892,0.021093,-0.029825
0.0062687,-0.02338,0.019482,-0.028859,0.01207,-0.027247
0.011103,-0.02048,0.014003,-0.023058,0.014003,-0.020157
0.015937,-0.024669,0.016581,-0.021446,0.015292,-0.019191
0.018515,-0.019835,0.017226,0.0040128,0.023671,-0.016612
0.020771,-0.019835,0.015292,-0.019513,0.03914,-0.02757
0.021093,-0.027892,0.018515,-0.067531,0.030761,-0.031437
0.016259,-0.02628,0.01787,-0.03337,0.033662,-0.026603
0.019482,-0.022735,0.019482,-0.0098447,0.035595,-0.032726
0.014003,-0.023058,0.018837,-0.016935,0.010136,-0.035304
0.010458,-0.02338,0.018193,-0.010167,-0.0024326,-0.032404
0.012714,-0.024991,0.01787,-0.014357,-0.001788,-0.036593
0.0091691,-0.027892,0.017226,-0.0092002,-0.0011435,-0.028536
0.011103,-0.02628,0.01787,-0.014679,0.0059464,-0.029503
0.015937,-0.019835,0.022382,-0.012745,0.0098136,-0.031759
0.018193,-0.020802,0.023027,0.00046785,0.00046785,-0.028536
0.016581,-0.017901,0.018193,-0.0075889,0.034628,-0.031114
0.018515,-0.019835,0.018515,-0.012101,0.096182,-0.023058
0.019804,-0.021769,0.014648,-0.012423,0.078779,-0.02338
0.019159,-0.024025,0.014003,-0.0088779,0.029794,-0.02628
0.011103,-0.02048,0.01207,-0.0098447,-0.0046884,-0.025314
0.012392,-0.018868,0.013359,-0.011134,0.0085246,-0.029825
0.014325,-0.018546,0.016581,-0.011134,0.042363,-0.027892
0.0088468,-0.015001,0.016581,-0.011134,0.069111,-0.02628
0.0062687,-0.019513,0.018837,-0.0030771,0.073623,-0.03047
0.0069132,-0.021446,0.020126,-0.010489,0.04913,-0.02628
0.014003,-0.022091,0.0094914,-0.014034,0.028827,-0.026603
0.019804,-0.015323,0.0014347,-0.016612,0.01207,-0.025636
0.016904,-0.017257,0.013681,-0.017579,-0.0043662,-0.033048
0.021415,-0.024669,0.011103,-0.026925,-0.011456,-0.029181
0.021093,-0.022735,0.00788,-0.024669,-0.011134,-0.026603
0.013359,-0.022413,0.012714,-0.015646,0.0053019,-0.026603
0.014003,-0.021769,0.014003,-0.0037216,0.033662,-0.024669
0.0072355,-0.024347,0.021093,0.0011124,0.041396,-0.023702
0.0085246,-0.025636,0.01078,-0.018224,0.014003,-0.032404
0.010136,-0.025958,0.0075578,-0.020802,0.01078,-0.032404
0.0062687,-0.02628,0.013681,-0.014034,0.015937,-0.029181
0.0046573,-0.025314,0.01497,-0.014357,0.018837,-0.031114
0.0046573,-0.021124,0.015292,-0.014357,0.011425,-0.027247
0.0020792,-0.02338,0.015937,-0.015323,0.0088468,-0.029825
0.00014558,-0.018868,0.015614,-0.017257,0.014325,-0.025314
0.0017569,-0.018868,0.014648,-0.025314,0.015292,-0.021769
-0.0030771,-0.019835,0.016259,-0.019513,0.015614,-0.024025
-0.0021103,-0.024025,0.015937,-0.019191,0.015614,-0.022735
0.0017569,-0.024347,0.018837,-0.023702,0.01497,-0.028214
0.0017569,-0.021124,0.021738,-0.022413,0.013359,-0.026925
0.0036905,-0.021124,0.016904,-0.018224,0.0075578,-0.025958
0.0069132,-0.018546,0.016904,-0.022413,0.0082023,-0.02628
0.012392,-0.013712,0.010458,-0.029181,0.0072355,-0.02338
0.012392,-0.018546,0.011425,-0.023702,0.0091691,-0.024025
0.0069132,-0.018868,0.012714,-0.014034,0.01207,-0.025958
0.0094914,-0.022413,0.012392,-0.012423,0.0075578,-0.027892
0.012392,-0.023058,0.013681,-0.005333,-0.00082122,-0.024347
0.0085246,-0.02757,0.017548,0.00014558,0.014325,-0.02628
0.006591,-0.027247,0.025605,-0.014679,0.011747,-0.030148
0.0082023,-0.028214,0.020771,-0.0050107,0.015292,-0.027892
0.01207,-0.029503,0.015614,-0.025636,0.043974,-0.024669
0.012392,-0.031437,0.017548,-0.021769,0.054931,-0.02757
0.015937,-0.028859,0.016904,-0.021769,0.037529,-0.023058
0.019482,-0.027892,0.015937,-0.03047,0.025283,-0.022735
0.018193,-0.026925,0.01787,-0.021446,0.027538,-0.024669
0.018837,-0.027247,0.015937,-0.016935,0.02496,-0.02757
0.019159,-0.028214,0.017548,-0.02048,0.019804,-0.028536
0.020449,-0.026603,0.019804,-0.02048,0.01787,-0.025958
0.012714,-0.029503,0.018515,-0.018868,0.021093,-0.031114
0.006591,-0.042716,0.014648,-0.020157,0.021415,-0.03337
-0.00082122,-0.043683,0.012714,-0.017579,0.015937,-0.025958
0.0011124,-0.04046,0.010136,-0.012745,0.019159,-0.026925
0.013681,-0.032081,0.012392,-0.011778,0.024316,-0.03047
0.01787,-0.0030771,0.018193,-0.013067,0.027538,-0.029825
0.018193,0.020771,0.02206,-0.013067,0.025927,-0.024025
0.016581,0.021093,0.02206,-0.010812,0.028183,-0.028859
0.018837,-0.001788,0.020449,-0.012745,0.028505,-0.028859
0.015937,-0.013712,0.018515,-0.017901,0.02206,-0.026603
0.01497,-0.017579,0.021093,-0.014357,0.019804,-0.024669
0.014325,-0.021446,0.021415,-0.0095225,0.021093,-0.024347
0.017226,-0.019191,0.01787,-0.014034,0.022704,-0.030148
0.019159,-0.020802,0.01787,-0.010489,0.021415,-0.027892
0.011747,-0.021446,0.01787,-0.010167,0.022382,-0.028859
0.0049796,-0.019513,0.016259,-0.011778,0.018193,-0.028859
0.0046573,-0.025314,0.015937,-0.014034,0.01078,-0.022091
0.0046573,-0.026925,0.014325,-0.011134,0.015614,-0.024669
0.0053019,-0.030792,0.013036,-0.014679,0.021093,-0.024025
0.012392,-0.031114,0.010136,-0.015001,0.01787,-0.025314
0.01078,-0.028214,0.0091691,-0.014357,0.014648,-0.024991
0.0062687,-0.028214,0.01207,-0.016935,0.0098136,-0.025314
0.01078,-0.024669,0.012392,-0.019191,0.011103,-0.028214
0.0094914,-0.024991,0.01497,-0.024991,0.0075578,-0.022735
0.011747,-0.022413,0.014003,-0.019191,0.0094914,-0.02048
0.014648,-0.021446,0.015937,-0.016935,0.0098136,-0.024669
0.014648,-0.024669,0.013359,-0.01629,0.017226,-0.022091
0.01207,-0.026925,0.01207,-0.01629,0.037529,-0.02628
0.0098136,-0.027892,0.020126,-0.023058,0.058154,-0.024025
0.0094914,-0.02757,0.016904,-0.015968,0.055898,-0.020802
0.0046573,-0.024025,0.016581,-0.01339,0.040751,-0.025636
0.0072355,-0.02338,0.021093,-0.021124,0.037529,-0.024991
0.013036,-0.024025,0.023027,-0.018546,0.030439,-0.022735
0.011747,-0.022735,0.019482,-0.018546,0.025605,-0.02628
0.013036,-0.018546,0.020449,-0.019191,0.018837,-0.026925
0.013036,-0.019191,0.021415,-0.013067,0.01497,-0.031114
0.010136,-0.021769,0.021415,-0.0072666,0.013681,-0.03337
0.0033683,-0.020157,0.023349,-0.0050107,0.023993,-0.02628
0.0043351,-0.017579,0.020449,-0.022413,0.023027,-0.030792
0.0088468,-0.021124,0.016904,-0.015968,0.014003,-0.03047
0.0094914,-0.024669,0.01078,-0.016935,0.015937,-0.037882
0.0098136,-0.021446,0.017226,-0.021446,0.012392,-0.030792
0.013681,-0.02048,0.014003,-0.014679,0.011747,-0.023702
0.012714,-0.022735,0.0094914,-0.021769,0.015614,-0.02757
0.016259,-0.024669,0.0085246,-0.028536,0.019482,-0.02338
0.013359,-0.026925,0.012392,-0.023058,0.021415,-0.029503
0.006591,-0.02338,0.015292,-0.01339,0.014648,-0.029503
0.014325,-0.022413,0.018837,-0.012423,0.016259,-0.026925
0.015937,-0.018224,0.01207,-0.0098447,0.022382,-0.022735
0.011747,-0.019835,0.013359,-0.014679,0.024316,-0.021446
0.01497,-0.022091,0.016904,-0.022413,0.026894,-0.024347
0.01207,-0.026603,0.01497,-0.017901,0.016581,-0.024669
0.012714,-0.021446,0.018515,-0.018224,0.0085246,-0.028214
0.012392,-0.02048,0.016581,-0.016935,0.006591,-0.026925
0.014325,-0.018224,0.019159,-0.0079111,0.02496,-0.02628
0.018193,-0.014679,0.019804,-0.010489,0.022382,-0.027247
0.013036,-0.02338,0.014648,-0.028214,0.0094914,-0.023058
0.00788,-0.024347,0.016904,-0.018868,0.026249,-0.024669
0.0040128,-0.022735,0.014003,-0.012745,0.051709,-0.027892
0.0024015,-0.02338,0.013681,-0.0098447,0.068467,-0.022091
0.0053019,-0.024991,0.016259,-0.010167,0.061377,-0.017257
0.0094914,-0.025636,0.012714,-0.0088779,0.023349,-0.018546
0.0046573,-0.024991,0.014003,-0.0040439,-0.0092002,-0.025314
0.00079012,-0.020157,0.017548,-0.0040439,-0.024347,-0.022413
0.0072355,-0.019191,0.01078,-0.012101,0.01497,-0.02048
0.01207,-0.02048,0.014325,-0.0043662,0.055254,-0.020802
0.0088468,-0.018546,0.016904,0.00046785,0.015292,-0.022413
0.0033683,-0.017579,0.015292,-0.0024326,0.0075578,-0.021769
0.0014347,-0.023702,0.014003,-0.01629,0.01497,-0.02628
0.010136,-0.024991,0.015614,-0.011456,0.035595,-0.026603
0.013036,-0.023702,0.012714,-0.030148,0.041718,-0.022091
0.0091691,-0.025636,0.011747,-0.031114,0.015614,-0.026925
0.013036,-0.021446,0.014325,-0.02338,0.015614,-0.029503
0.011103,-0.017901,0.015937,-0.018546,0.019159,-0.03047
0.0098136,-0.021446,0.015292,-0.021769,0.019804,-0.030792
0.0049796,-0.019835,0.015614,-0.028214,0.013036,-0.031759
0.011103,-0.021446,0.011747,-0.024991,0.01078,-0.025958
0.020449,-0.021769,0.012392,-0.023702,0.01787,-0.024347
0.016259,-0.025314,0.018193,-0.02628,0.018515,-0.034015
0.016581,-0.024669,0.018193,-0.023058,0.02206,-0.035949
0.014325,-0.024025,0.023671,-0.015646,0.022704,-0.032404
0.018515,-0.022735,0.019804,-0.017579,0.016904,-0.037238
0.017548,-0.021446,0.018193,-0.015323,0.020126,-0.035949
0.0088468,-0.028859,0.019804,-0.011456,0.026249,-0.034982
0.014325,-0.022413,0.019804,-0.01339,0.023671,-0.031114
0.014325,-0.020157,0.019804,-0.014679,0.024638,-0.033693
0.0091691,-0.022735,0.023671,-0.012423,0.020771,-0.029503
0.01078,-0.025958,0.0091691,-0.014679,0.019159,-0.03337
0.011103,-0.022413,0.00788,-0.015001,0.012392,-0.027892
0.0094914,-0.02048,0.00788,-0.015001,0.01078,-0.025958
0.0024015,-0.021124,0.01207,-0.010812,0.0085246,-0.027892
0.0033683,-0.022091,0.0094914,-0.017901,0.00014558,-0.03337
0.0069132,-0.02338,0.0085246,-0.019835,0.00014558,-0.026925
0.0049796,-0.024669,0.014003,-0.016612,-0.00082122,-0.028536
0.0075578,-0.026603,0.018515,-0.014034,0.0056242,-0.024669
0.0085246,-0.023702,0.015937,-0.019191,0.018193,-0.023702
0.0072355,-0.022735,0.015292,-0.016935,0.031728,-0.022735
0.0062687,-0.020157,0.022382,-0.01629,0.020126,-0.02338
0.011747,-0.020802,0.018837,-0.017579,-0.012745,-0.021769
0.012714,-0.022413,0.020771,-0.018546,0.027861,-0.020157
0.010136,-0.022091,0.020449,-0.012101,0.086514,-0.026603
0.012392,-0.020157,0.021738,-0.0079111,0.095215,-0.025958
0.01207,-0.021124,0.020126,-0.010489,0.080713,-0.019513
0.0094914,-0.018546,0.014648,-0.0066221,0.047841,-0.02338
0.0098136,-0.02048,0.018193,-0.0059775,0.028827,-0.027247
0.0085246,-0.02048,0.020771,-0.0059775,0.022382,-0.024025
0.01078,-0.020157,0.020126,-0.012101,0.017548,-0.029503
0.015937,-0.021124,0.017548,-0.018868,0.014648,-0.034337
0.011103,-0.023702,0.021093,-0.021769,0.012714,-0.030792
0.014325,-0.029825,0.018515,-0.0079111,0.019482,-0.024991
0.012392,-0.031437,0.014648,-0.012423,0.020126,-0.022735
0.011747,-0.022735,0.016581,-0.012101,0.011103,-0.029181
0.015614,-0.024669,0.020126,-0.0069443,0.010458,-0.031437
0.020771,-0.022735,0.018837,-0.021446,0.0040128,-0.032726
0.024638,-0.021446,0.01207,-0.024347,0.0020792,-0.030148
0.022382,-0.023058,0.012714,-0.021769,0.0027237,-0.024669
0.018837,-0.028536,0.0088468,-0.028859,0.0072355,-0.020157
0.016259,-0.023702,0.012392,-0.029503,0.0091691,-0.024991
0.018515,-0.023702,0.015937,-0.021124,0.0075578,-0.030792
0.022704,-0.027247,0.01497,-0.02338,0.006591,-0.023058
0.022382,-0.022413,0.014648,-0.018224,0.0094914,-0.023058
0.01497,-0.026603,0.0062687,-0.011778,0.020771,-0.03047
0.016904,-0.021446,0.011747,-0.016612,0.035595,-0.031437
0.014325,-0.02048,0.014648,-0.015968,0.052998,-0.022413
0.011425,-0.019513,0.018193,-0.016935,0.045908,-0.026925
0.01207,-0.023702,0.019804,-0.015646,0.025283,-0.028214
0.0059464,-0.020157,0.018515,-0.0092002,0.017226,-0.02338
0.0024015,-0.018868,0.014648,-0.0014658,0.017226,-0.02757
0.0049796,-0.025636,0.012714,-0.010489,0.014648,-0.024347
-0.00049895,-0.02757,0.014325,-0.021446,0.015292,-0.02757
-0.0027548,-0.026925,0.013681,-0.015968,0.017226,-0.025636
0.00014558,-0.025314,0.0094914,-0.018546,0.014325,-0.024347
0.0017569,-0.022413,0.017226,-0.0059775,0.01497,-0.024025
0.0014347,-0.018224,0.020449,-0.011778,0.018193,-0.024669
-0.001788,-0.015968,0.013681,-0.027892,0.022704,-0.022091
-0.0014658,-0.019513,0.013036,-0.022413,0.020126,-0.030792
0.0024015,-0.02048,0.019159,-0.013067,0.021093,-0.03047
0.0043351,-0.017901,0.019482,-0.01629,0.023993,-0.028214
0.0072355,-0.019513,0.017226,-0.021124,0.024638,-0.028214
0.006591,-0.02338,0.019482,-0.019835,0.013036,-0.028214
0.0020792,-0.024669,0.014648,-0.024669,-0.0079111,-0.030148
-0.001788,-0.022735,0.01787,-0.032081,-0.02757,-0.033048
0.0043351,-0.024991,0.020126,-0.031114,-0.036593,-0.026925
0.0094914,-0.02338,0.012714,-0.021769,-0.036271,-0.031759
0.0075578,-0.022735,0.020771,-0.021769,-0.028859,-0.024669
0.0098136,-0.017901,0.020449,-0.026603,-0.011778,-0.024991
0.011103,-0.021446,0.024638,-0.017901,0.028183,-0.02628
0.01787,-0.022413,0.01497,-0.0082334,0.092637,-0.026603
0.021093,-0.022735,0.016259,-0.00017668,0.11133,-0.022735
0.020449,-0.024025,0.023349,0.0020792,0.084258,-0.016612
0.021093,-0.024991,0.022382,0.0040128,0.11358,-0.0092002
0.017226,-0.019835,0.021415,0.00079012,0.1297,-0.010812
0.018193,-0.015323,0.018837,0.0075578,0.088125,-0.016612
0.016259,-0.015001,0.023671,-0.0024326,0.055576,-0.01629
0.019804,-0.0088779,0.022382,-0.011456,0.034951,-0.020157
0.01207,-0.017579,0.01787,-0.017579,-0.00017668,-0.021769
0.0085246,-0.03047,0.010136,-0.02048,0.0082023,-0.020802
0.014003,-0.02628,0.0069132,-0.017901,0.0024015,-0.026603
0.0091691,-0.028859,0.0069132,-0.024025,-0.011456,-0.026925
0.011747,-0.025958,0.0082023,-0.022735,-0.014679,-0.028214
0.013681,-0.019835,0.013681,-0.01629,0.0053019,-0.031114
0.012392,-0.0085557,0.016904,-0.013712,0.025927,-0.028859
0.015937,-0.014034,0.014648,-0.0095225,0.019159,-0.024991
0.01497,-0.017257,0.011747,-0.014679,0.0059464,-0.029825
0.011103,-0.021446,0.015614,-0.014679,0.012714,-0.031114
0.013036,-0.022413,0.019804,-0.016935,0.0072355,-0.033048
0.013359,-0.02048,0.019482,-0.019835,0.0040128,-0.031759
0.01497,-0.02338,0.015937,-0.022413,0.0027237,-0.028859
0.0098136,-0.024669,0.011103,-0.025636,0.0017569,-0.026925
0.0069132,-0.026603,0.015292,-0.011134,0.0017569,-0.030792
0.011747,-0.029825,0.014003,-0.0046884,0.013359,-0.029503
0.013036,-0.030148,0.01497,-0.029181,0.010136,-0.035626
0.011103,-0.028214,0.012392,-0.029503,0.0091691,-0.03047
0.014648,-0.03047,0.013681,-0.023058,0.016581,-0.028859
0.010458,-0.028859,0.01497,-0.023702,0.010136,-0.031114
0.0094914,-0.024991,0.011747,-0.025314,0.010458,-0.03047
0.01078,-0.026925,0.014003,-0.024669,0.015292,-0.021124
0.0072355,-0.024025,0.016904,-0.017579,0.022382,-0.02628
0.010136,-0.01629,0.017548,-0.023702,0.014325,-0.034015
0.011103,-0.020157,0.011103,-0.022091,0.0091691,-0.022735
0.011747,-0.016935,0.0075578,-0.019513,0.0082023,-0.02048
0.011747,-0.015323,0.014648,-0.0088779,0.0069132,-0.031114
0.013036,-0.019835,0.016904,-0.0088779,-0.001788,-0.027247
0.014325,-0.024025,0.016904,-0.012423,-0.0079111,-0.029503
0.013359,-0.019835,0.01787,-0.011778,0.003046,-0.031437
0.011747,-0.020157,0.014325,-0.012423,0.054931,-0.033693
0.012714,-0.023058,0.016904,-0.0079111,0.10456,-0.03337
0.0085246,-0.022413,0.014003,-0.0040439,0.077812,-0.023702
0.0072355,-0.019513,0.0091691,-0.0024326,0.04333,-0.024669
0.012714,-0.019835,0.017548,-0.0069443,0.027216,-0.025314
0.011103,-0.024347,0.018837,-0.0056553,0.020126,-0.026603
0.0069132,-0.024025,0.011747,-0.015323,0.020771,-0.02048
0.0098136,-0.022735,0.011103,-0.015323,0.02915,-0.022735
0.014003,-0.02048,0.015614,-0.015646,0.025283,-0.025636
0.012714,-0.019191,0.018837,-0.018224,0.018515,-0.022413
0.0062687,-0.021769,0.018837,-0.020157,0.0098136,-0.025958
0.0014347,-0.025314,0.016259,-0.015323,0.014325,-0.024025
-0.00049895,-0.02628,0.017226,-0.0098447,0.012392,-0.03047
0.0043351,-0.031114,0.019804,-0.025314,0.013359,-0.02757
0.00788,-0.034015,0.019159,-0.038527,0.0091691,-0.019191
0.01207,-0.024347,0.01787,-0.022735,0.01497,-0.02048
0.014648,-0.018868,0.01497,-0.019191,0.020126,-0.021446
0.019159,-0.023702,0.01497,-0.017257,0.019159,-0.02048
0.014325,-0.020157,0.021738,-0.020157,0.019804,-0.020802
0.016904,-0.021446,0.02206,-0.018546,0.018837,-0.03047
0.016259,-0.02048,0.021738,-0.012101,0.02915,-0.02757
0.013681,-0.019835,0.019159,-0.015968,0.021415,-0.02628
0.014325,-0.02757,0.00788,-0.024991,0.016581,-0.035949
0.018193,-0.021124,0.016904,-0.019513,0.019159,-0.029503
0.014648,-0.017579,0.017548,-0.015646,0.019482,-0.029181
0.013036,-0.022091,0.012714,-0.011134,0.022382,-0.028214
0.015292,-0.02048,0.013036,-0.017579,0.02206,-0.030148
0.0098136,-0.018224,0.014325,-0.014034,0.021738,-0.023058
0.0088468,-0.017579,0.018837,-0.012101,0.020449,-0.021769
0.010136,-0.020157,0.015937,-0.014357,0.018515,-0.024347
0.013359,-0.018868,0.013681,-0.02048,0.017548,-0.024991
0.016904,-0.025314,0.014648,-0.012745,0.018837,-0.025958
0.012392,-0.01629,0.019804,-0.010812,0.021738,-0.024991
0.0082023,-0.018546,0.015937,-0.0095225,0.024316,-0.028536
0.01078,-0.019835,0.019482,-0.014034,0.024638,-0.02628
0.01207,-0.018224,0.022704,-0.010167,0.023671,-0.025636
0.00788,-0.020802,0.017226,-0.011134,0.023027,-0.032404
0.0036905,-0.018546,0.017226,-0.017579,0.018193,-0.026925
0.0056242,-0.024025,0.017548,-0.015323,0.019482,-0.034982
0.0085246,-0.020802,0.015614,-0.01339,0.024316,-0.03756
0.00788,-0.02338,0.014648,-0.015646,0.024638,-0.03047
0.0040128,-0.026603,0.011103,-0.018868,0.024638,-0.03047
0.0011124,-0.025314,0.01078,-0.010167,0.025605,-0.02757
-0.0056553,-0.024025,0.022704,-0.014679,0.019482,-0.023702
-0.0024326,-0.022735,0.020126,-0.031114,0.017548,-0.031114
0.0017569,-0.019835,0.014648,-0.018546,0.015937,-0.03047
0.0024015,-0.024347,0.018193,-0.014034,0.019804,-0.02757
0.0049796,-0.021124,0.01787,-0.011134,0.021738,-0.026603
0.0069132,-0.023058,0.006591,-0.025314,0.022704,-0.030148
0.0033683,-0.026603,0.0027237,-0.021769,0.03205,-0.028536
0.0069132,-0.023702,0.012392,-0.019835,0.041074,-0.02628
0.00788,-0.026603,0.014325,-0.020157,0.031728,-0.032081
0.019159,-0.029825,0.023671,-0.018546,0.029794,-0.029181
0.018193,-0.023058,0.042363,-0.019513,0.037851,-0.027892
0.012714,-0.020802,0.041718,-0.017257,0.032695,-0.021124
0.011425,-0.024347,0.017226,-0.011456,0.00046785,-0.021769
0.01078,-0.025958,0.017226,-0.015968,-0.038527,-0.021769
0.0091691,-0.027247,0.018837,-0.018224,-0.0082334,-0.021769
0.011103,-0.022735,0.015614,-0.016612,0.021093,-0.028214
0.014648,-0.021124,0.013681,-0.019835,0.014648,-0.026925
0.010136,-0.019191,0.014648,-0.011134,0.021738,-0.020157
0.015614,-0.018224,0.014003,-0.015001,0.018515,-0.029503
0.015292,-0.025636,0.011103,-0.015968,0.01787,-0.027892
0.017226,-0.022413,0.006591,-0.014034,0.018837,-0.023058
0.017548,-0.024025,0.010136,-0.013712,0.017548,-0.024025
0.015292,-0.02338,0.011425,-0.019835,0.025605,-0.02757
0.015292,-0.024347,0.011425,-0.0075889,0.030117,-0.027247
0.012392,-0.019513,0.01207,-0.0092002,0.025605,-0.031759
0.0069132,-0.015323,0.01078,-0.0082334,0.023671,-0.029825
0.0062687,-0.01629,0.0088468,-0.0095225,0.027538,-0.023058
0.0094914,-0.018224,0.012714,-0.012423,0.023349,-0.026603
0.012714,-0.025314,0.010458,-0.011456,0.02206,-0.03337
0.014648,-0.02338,0.013681,-0.015323,0.027861,-0.03337
0.016259,-0.019191,0.013036,-0.014679,0.038173,-0.028214
0.012392,-0.021769,0.013036,-0.012745,0.03624,-0.017579
0.0088468,-0.021769,0.010458,-0.012745,0.029472,-0.02757
0.0088468,-0.020802,0.013681,-0.01629,0.021738,-0.026603
0.01207,-0.017901,0.012392,-0.025314,0.0040128,-0.021124
0.011103,-0.023702,0.012714,-0.023702,0.0020792,-0.018868
-0.0011435,-0.02757,0.016581,-0.024025,-0.001788,-0.028859
-0.0030771,-0.030792,0.014648,-0.024025,-0.014034,-0.028859
0.00014558,-0.029825,0.011425,-0.023058,-0.0066221,-0.024991
-0.00049895,-0.031114,0.010458,-0.021124,0.016904,-0.02628
-0.00082122,-0.028214,0.012714,-0.011778,0.030761,-0.024347
0.0020792,-0.021124,0.012392,-0.0088779,0.036562,-0.03047
0.014325,-0.018868,0.020126,-0.015646,0.04913,-0.024669
0.017548,-0.018868,0.026249,-0.0082334,0.078135,-0.025636
0.020449,-0.02338,0.018515,-0.010489,0.10359,-0.027247
0.021415,-0.020157,0.012714,-0.012101,0.09167,-0.025314
0.01787,-0.020802,0.016259,-0.013067,0.053964,-0.017901
0.013681,-0.025636,0.018837,-0.014357,0.034306,-0.020157
0.010136,-0.022091,0.019482,-0.016612,0.013036,-0.020157
0.011103,-0.019191,0.019159,-0.018546,-0.00049895,-0.021124
0.010458,-0.016612,0.01497,-0.016935,0.0053019,-0.026603
0.014325,-0.017579,0.011103,-0.012745,0.0069132,-0.02338
0.010136,-0.016935,0.0085246,-0.010812,0.010458,-0.023058
0.0075578,-0.024669,0.014648,-0.012745,0.0098136,-0.028536
0.011747,-0.021124,0.015937,-0.013712,0.012714,-0.031114
0.0098136,-0.023058,0.0072355,-0.015323,0.0098136,-0.031759
0.006591,-0.022091,0.0069132,-0.015001,0.0075578,-0.026603
0.011103,-0.015646,0.014003,-0.013712,0.0062687,-0.022735
0.0059464,-0.017579,0.018193,-0.024669,0.012392,-0.024991
0.0059464,-0.02338,0.023027,-0.019191,0.0088468,-0.030148
0.0053019,-0.025314,0.019804,-0.015646,0.0036905,-0.031759
0.0059464,-0.023702,0.016581,-0.0069443,0.0098136,-0.031114
0.0049796,-0.02048,0.023671,-0.0098447,0.011103,-0.035304
0.0091691,-0.021446,0.024638,-0.018546,0.010458,-0.032404
0.015937,-0.020157,0.017226,-0.018546,0.013359,-0.032404
0.017548,-0.024347,0.016904,-0.01629,0.016904,-0.03337
0.013681,-0.028214,0.018193,-0.021769,0.01787,-0.025958
0.015937,-0.028536,0.018515,-0.022091,0.014003,-0.029503
0.019482,-0.023058,0.019159,-0.014034,0.016904,-0.029181
0.012392,-0.025958,0.010136,-0.019191,0.027538,-0.024991
0.011425,-0.025636,0.012392,-0.025958,0.022704,-0.02628
0.0049796,-0.022735,0.021093,-0.023058,0.013359,-0.02628
0.0059464,-0.022735,0.020771,-0.023058,0.015937,-0.024025
0.020449,-0.019835,0.015937,-0.023058,0.016259,-0.02338
0.023027,-0.018546,0.015292,-0.016612,0.018515,-0.02628
0.01497,-0.017579,0.01207,-0.015001,0.0069132,-0.030148
0.015937,-0.017901,0.016904,-0.019835,-0.0021103,-0.029503
0.016259,-0.02048,0.028827,-0.011134,0.0053019,-0.028536
0.0085246,-0.021769,0.027538,-0.017257,0.055254,-0.023058
0.0088468,-0.022091,0.019159,-0.019513,0.059765,-0.018546
0.01497,-0.022413,0.015292,-0.014679,0.032695,-0.024669
0.010136,-0.022735,0.020126,-0.01629,0.020449,-0.024669
0.0088468,-0.024669,0.013681,-0.017257,0.020449,-0.029825
0.014325,-0.026603,0.0094914,-0.014357,0.023671,-0.031759
0.019482,-0.028214,0.010136,-0.0082334,0.023349,-0.023058
0.019159,-0.025314,0.012714,-0.01339,0.023027,-0.021769
0.022704,-0.025636,0.015614,-0.01629,0.022704,-0.019191
0.023671,-0.024669,0.01787,-0.0098447,0.01787,-0.029825
0.018193,-0.019191,0.020126,-0.01339,0.019159,-0.032081
0.015937,-0.020157,0.017226,-0.01339,0.017226,-0.029825
0.014648,-0.025636,0.016581,-0.01629,0.018193,-0.02628
0.0088468,-0.021124,0.015937,-0.011778,0.015937,-0.023058
0.0098136,-0.017579,0.015614,-0.0027548,0.021738,-0.018868
0.0075578,-0.019191,0.013359,-0.018546,0.025283,-0.02338
0.0056242,-0.026925,0.012714,-0.031437,0.018193,-0.024347
0.0027237,-0.028859,0.016259,-0.020157,0.020126,-0.027247
0.0020792,-0.025314,0.01787,-0.01629,0.021738,-0.027892
0.0036905,-0.023702,0.01787,-0.016935,0.018837,-0.029825
0.0098136,-0.022735,0.016259,-0.014679,0.015614,-0.030148
0.016581,-0.020157,0.020771,-0.016935,0.025283,-0.032081
0.013359,-0.021446,0.024638,-0.017257,0.025283,-0.03047
0.011425,-0.01629,0.022382,-0.018868,0.018193,-0.028536
0.011103,-0.017901,0.021738,-0.021124,0.016581,-0.03047
0.010458,-0.018224,0.011425,-0.015001,0.015937,-0.024991
0.011747,-0.020802,0.014648,-0.014679,0.013681,-0.021446
0.0098136,-0.024025,0.016904,-0.015968,0.010136,-0.030148
0.011425,-0.022735,0.023671,-0.015968,0.0094914,-0.025958
0.012714,-0.022091,0.014648,-0.014034,0.014325,-0.025636
0.012392,-0.022413,0.0043351,-0.01629,0.028183,-0.024669
0.01207,-0.018224,0.013681,-0.013712,0.043652,-0.028536
0.0098136,-0.016612,0.017548,-0.010167,0.052998,-0.02757
0.012392,-0.018868,0.013681,-0.012423,0.040107,-0.03047
0.0075578,-0.021769,0.013681,-0.01339,0.022704,-0.032081
-0.0030771,-0.022413,0.013681,-0.01339,0.013036,-0.026925
0.0011124,-0.022413,0.021093,-0.016612,0.0082023,-0.025314
0.0046573,-0.021446,0.015937,-0.014034,0.0091691,-0.025636
0.00788,-0.016935,0.016259,-0.012745,0.016581,-0.029181
0.016259,-0.018868,0.016904,-0.010489,0.023027,-0.023702
0.01078,-0.02048,0.018515,-0.01339,0.023993,-0.027892
0.015614,-0.021446,0.01497,-0.012423,0.04333,-0.022735
0.01787,-0.019513,0.012392,-0.015646,0.053964,-0.023702
0.010136,-0.024991,0.017548,-0.015001,0.057832,-0.026603
0.015614,-0.031114,0.012392,-0.018224,0.037206,-0.021124
0.013036,-0.030148,0.015292,-0.018224,0.025927,-0.02757
0.01078,-0.026925,0.01207,-0.018224,0.026249,-0.028536
0.01497,-0.028214,0.0075578,-0.021769,0.01787,-0.034015
0.0056242,-0.033048,0.013681,-0.019513,0.014325,-0.024347
0.0020792,-0.026603,0.017548,-0.019513,0.014648,-0.026925
0.0085246,-0.022413,0.017548,-0.016612,0.012392,-0.026603
0.01078,-0.028536,0.014648,-0.021446,0.01497,-0.022091
0.011103,-0.029503,0.0098136,-0.022091,0.018193,-0.020802
0.0082023,-0.012745,0.01078,-0.015001,0.01497,-0.022413
0.0072355,-0.012423,0.018193,-0.013067,0.013681,-0.033693
0.006591,-0.017901,0.015937,-0.019835,0.01497,-0.030792
0.0094914,-0.020157,0.011747,-0.019835,0.019804,-0.030792
0.014003,-0.025314,0.0098136,-0.018224,0.018515,-0.022735
0.015937,-0.024669,0.011747,-0.01339,0.017548,-0.021446
0.023027,-0.021446,0.013359,-0.015968,0.018193,-0.02628
0.018515,-0.018868,0.011103,-0.012101,0.020126,-0.025636
0.013681,-0.021769,0.017226,-0.0082334,0.026894,-0.028214
0.015292,-0.018868,0.015614,-0.012745,0.030439,-0.034337
0.0075578,-0.021446,0.012392,-0.011134,0.033662,-0.024991
0.0091691,-0.017579,0.018193,-0.014679,0.019482,-0.019513
0.01207,-0.011456,0.020449,-0.014034,-0.021769,-0.030792
0.01078,-0.015323,0.018515,-0.010812,-0.041105,-0.03047
0.00788,-0.019191,0.017226,-0.0085557,0.0027237,-0.028859
0.00014558,-0.022735,0.018193,-0.022091,0.0069132,-0.02628
-0.001788,-0.025314,0.016904,-0.020802,0.010136,-0.02628
-0.00017668,-0.023702,0.016904,-0.014679,0.022382,-0.024991
-0.00049895,-0.022735,0.014648,-0.012101,0.017226,-0.024347
-0.0021103,-0.024025,0.016259,-0.010489,0.024316,-0.027247
0.0040128,-0.028536,0.019482,-0.0085557,0.027861,-0.03047
0.010458,-0.030148,0.020771,-0.011134,0.027861,-0.029181
0.006591,-0.024991,0.021415,-0.016935,0.029794,-0.024669
0.0069132,-0.02628,0.02206,-0.029503,0.034951,-0.022091
0.011103,-0.02757,0.018837,-0.026603,0.039785,-0.017579
0.0069132,-0.023058,0.019804,-0.016612,0.031406,-0.024669
0.00788,-0.028214,0.014003,-0.015001,0.025605,-0.027892
0.01207,-0.029181,0.01497,-0.016612,0.029794,-0.027892
0.022382,-0.026603,0.013359,-0.018546,0.025283,-0.026603
0.011747,-0.029825,0.015614,-0.017257,0.026249,-0.026603
0.0085246,-0.024025,0.022382,-0.015001,0.024316,-0.029503
0.013359,-0.024669,0.024638,-0.018224,0.027538,-0.029825
0.016259,-0.02628,0.023027,-0.019513,0.023993,-0.029503
0.013036,-0.021769,0.0033683,-0.019513,0.017548,-0.032081
0.010458,-0.019191,0.01078,-0.022091,0.010458,-0.031759
0.011425,-0.022735,0.021093,-0.014679,0.01497,-0.02628
0.0082023,-0.024025,0.012714,-0.01629,0.028505,-0.032081
0.00079012,-0.025958,0.013036,-0.021124,0.027216,-0.031437
-0.00082122,-0.024025,0.017548,-0.016935,0.016904,-0.032081
0.0062687,-0.017257,0.017548,-0.015323,0.011103,-0.027892
0.014325,-0.020157,0.011103,-0.0075889,0.017548,-0.031759
0.011103,-0.021446,0.011425,-0.020802,0.035595,-0.032404
0.0036905,-0.018868,0.01078,-0.01629,0.033984,-0.025636
0.011103,-0.024991,0.0091691,-0.012745,0.025927,-0.02628
0.014325,-0.024991,0.010136,-0.01339,0.0072355,-0.024991
0.011103,-0.02048,0.012714,-0.011134,-0.0037216,-0.022091
0.0098136,-0.018868,0.012392,-0.010812,0.006591,-0.02048
0.01078,-0.025958,0.016904,-0.012101,0.020449,-0.023058
0.010136,-0.023702,0.015292,-0.018224,0.0675,-0.026603
0.016581,-0.020802,0.011747,-0.022091,0.079746,-0.018546
0.020771,-0.014679,0.014648,-0.022413,0.049775,-0.018224
0.023349,-0.017901,0.0082023,-0.018868,0.035595,-0.022735
0.02206,-0.022091,0.012714,-0.017901,0.029472,-0.029181
0.016259,-0.015968,0.017548,-0.014034,0.023993,-0.022091
0.014003,-0.014357,0.01787,-0.023702,0.014648,-0.024991
0.010458,-0.01629,0.016904,-0.01339,0.014325,-0.024991
0.010458,-0.018868,0.016581,-0.0085557,0.011103,-0.02048
0.012392,-0.019191,0.020771,-0.012423,0.011103,-0.028214
0.011425,-0.022735,0.016904,-0.011134,0.01207,-0.024991
0.011747,-0.021446,0.015614,-0.0079111,0.01497,-0.029181
0.01078,-0.024025,0.019159,-0.012423,0.013359,-0.02338
0.0075578,-0.025314,0.019482,-0.016612,0.015614,-0.02048
0.0056242,-0.025314,0.020126,-0.012101,0.012714,-0.019513
0.0062687,-0.025958,0.016581,-0.015323,0.013036,-0.028859
0.0059464,-0.022735,0.016904,-0.024025,0.013359,-0.032726
0.01207,-0.02338,0.018193,-0.023702,0.0072355,-0.028859
0.016581,-0.022413,0.016259,-0.016935,0.0094914,-0.029503
0.013359,-0.021446,0.016581,-0.01629,0.018193,-0.030792
0.0098136,-0.020802,0.015937,-0.012423,0.017548,-0.026603
0.0085246,-0.024347,0.022704,-0.012745,0.0094914,-0.029503
0.0094914,-0.025958,0.018837,-0.015323,0.00046785,-0.033693
0.010458,-0.025958,0.017548,-0.012745,0.0017569,-0.021769
0.0082023,-0.024025,0.012392,-0.018868,0.0043351,-0.021446
0.010136,-0.022735,0.020449,-0.010167,0.022704,-0.019513
0.011425,-0.022091,0.023027,-0.005333,0.025605,-0.021769
0.013036,-0.016935,0.016904,-0.0014658,0.013681,-0.025636
0.011747,-0.021124,0.0088468,-0.005333,0.0062687,-0.03047
0.014003,-0.02338,0.011747,-0.0082334,0.020449,-0.028859
0.012714,-0.02338,0.014325,-0.032726,0.019804,-0.031759
0.01078,-0.02338,0.013036,-0.039493,0.038173,-0.026925
0.015937,-0.018224,0.016581,-0.025958,0.054609,-0.026603
0.018837,-0.016935,0.013359,-0.021446,0.053642,-0.024347
0.014648,-0.023702,0.011103,-0.020802,0.039462,-0.028214
0.016904,-0.023058,0.012392,-0.015968,0.029794,-0.030148
0.01078,-0.023058,0.013036,-0.014034,0.026572,-0.028214
0.0046573,-0.024991,0.016259,-0.014034,0.018837,-0.026925
0.012392,-0.024991,0.014003,-0.020157,0.015292,-0.023702
0.017548,-0.022091,0.012392,-0.01629,0.023671,-0.024025
0.015614,-0.022091,0.012392,-0.017901,0.016259,-0.029503
0.0098136,-0.025958,0.015292,-0.01629,0.014648,-0.026925
0.01207,-0.026925,0.018837,-0.015001,0.01078,-0.032726
0.014648,-0.020802,0.020449,-0.019835,0.013681,-0.028214
0.015292,-0.022735,0.015937,-0.014034,0.014325,-0.025958
0.010458,-0.02338,0.01497,-0.014679,0.011747,-0.02628
0.0069132,-0.020802,0.018837,-0.016935,0.016904,-0.026925
0.0017569,-0.025958,0.016259,-0.011778,0.020771,-0.030148
0.00014558,-0.025636,0.015614,-0.01629,0.020449,-0.027247
-0.0011435,-0.027892,0.014003,-0.016935,0.025605,-0.03047
0.0062687,-0.026603,0.024316,-0.017901,0.027861,-0.028214
0.0049796,-0.025958,0.022704,-0.018868,0.019159,-0.026925
0.010136,-0.028214,0.020449,-0.019513,0.019482,-0.026603
0.0085246,-0.028214,0.019482,-0.021769,0.018837,-0.028859
0.0059464,-0.025958,0.016259,-0.017257,0.022704,-0.029503
0.0033683,-0.024991,0.014325,-0.014357,0.026894,-0.025636
0.0098136,-0.017901,0.020771,-0.018224,0.021093,-0.025636
0.016259,-0.012101,0.019159,-0.015968,0.019482,-0.024991
0.012392,-0.025636,0.018515,-0.02338,0.014325,-0.024025
0.014648,-0.031114,0.015614,-0.02048,0.0085246,-0.025314
0.012714,-0.022091,0.016581,-0.010167,0.0043351,-0.026603
0.01787,-0.0079111,0.023671,-0.012423,-0.0066221,-0.029181
0.019804,-0.0021103,0.027538,-0.010812,-0.00017668,-0.030792
0.011103,-0.020157,0.010136,-0.014679,0.016581,-0.034015
0.0014347,-0.024347,0.015292,-0.021769,0.045263,-0.026925
-0.0062998,-0.023058,0.018193,-0.016612,0.062343,-0.028536
-0.0046884,-0.023058,0.016259,-0.017257,0.072978,-0.025636
-0.00017668,-0.021446,0.015937,-0.016612,0.068144,-0.029825
0.0036905,-0.022091,0.015614,-0.01629,0.043974,-0.030148
0.010136,-0.021446,0.015292,-0.015646,0.02496,-0.021446
0.0069132,-0.022735,0.014325,-0.012423,0.019159,-0.014357
0.00788,-0.022413,0.016259,-0.016935,0.0075578,-0.021446
0.0091691,-0.019513,0.013036,-0.017257,0.011103,-0.026925
0.00788,-0.016935,0.012392,-0.014034,0.014003,-0.021769
0.0046573,-0.014679,0.013681,-0.015968,0.019482,-0.022091
0.010136,-0.01629,0.016259,-0.011456,0.015292,-0.025958
0.014003,-0.018546,0.018193,-0.0075889,0.016259,-0.023702
0.022382,-0.016935,0.015292,-0.0095225,0.024638,-0.019191
0.026572,-0.02048,0.018837,-0.019513,0.019159,-0.021446
0.023671,-0.02628,0.021738,-0.0092002,0.012392,-0.02628
0.023349,-0.025958,0.016581,-0.012101,0.020126,-0.029181
0.016904,-0.03047,0.014003,-0.01629,0.021738,-0.025314
0.014325,-0.029825,0.016904,-0.011778,0.014325,-0.029503
0.019159,-0.023702,0.011103,-0.0072666,0.0062687,-0.029503
0.01078,-0.023058,0.0046573,-0.0046884,0.0017569,-0.032726
0.0027237,-0.025314,0.014003,0.0040128,0.01207,-0.034015
0.0049796,-0.022735,0.016904,0.015937,0.023671,-0.032081
0.0094914,-0.028536,0.016581,-0.010489,0.040429,-0.037882
0.0014347,-0.03337,0.026249,-0.066886,0.026894,-0.027892
-0.0021103,-0.02757,0.018515,-0.060119,0.01497,-0.02757
0.0059464,-0.021446,0.014648,-0.014679,0.031728,-0.029181
0.010136,-0.025636,0.013681,-0.026925,0.035917,-0.026603
0.011747,-0.024347,0.015292,-0.017901,0.035595,-0.022413
0.011103,-0.021124,0.015292,-0.017579,0.020771,-0.025958
0.0094914,-0.018868,0.017548,-0.0075889,-0.0056553,-0.026925
0.010458,-0.022735,0.012714,-0.017257,0.006591,-0.025958
0.0094914,-0.026603,0.012392,-0.015646,0.028505,-0.02338
0.0088468,-0.024025,0.014325,-0.013067,0.015292,-0.02048
0.01497,-0.026603,0.013036,-0.015001,0.019482,-0.018224
0.015614,-0.024347,0.014648,-0.015968,0.022382,-0.029503
0.013036,-0.022413,0.016904,-0.019835,0.023671,-0.031437
0.017226,-0.020802,0.016904,-0.010489,0.019804,-0.023702
0.016581,-0.020157,0.023671,-0.016935,0.011103,-0.019513
0.011747,-0.022413,0.01787,-0.017579,0.015292,-0.018868
0.014003,-0.022091,0.011425,-0.010812,0.023671,-0.021124
0.013036,-0.021769,0.016581,-0.014679,0.026572,-0.023702
0.017548,-0.025314,0.014325,-0.015646,0.025605,-0.03047
0.015614,-0.022091,0.015614,-0.0062998,0.024316,-0.02757
0.019159,-0.021769,0.011747,-0.01339,0.018837,-0.028536
0.020771,-0.025314,0.015292,-0.014034,0.018515,-0.029181
0.017548,-0.020802,0.016904,-0.013712,0.02206,-0.031759
0.020126,-0.018546,0.0072355,-0.012745,0.022704,-0.025958
0.01497,-0.021446,0.011103,-0.012745,0.017226,-0.025314
0.012392,-0.01629,0.020449,-0.013712,0.018193,-0.029181
0.0072355,-0.016935,0.018837,-0.013067,0.020126,-0.031759
0.0094914,-0.02628,0.016259,-0.014357,0.01207,-0.032726
0.010458,-0.024025,0.021738,-0.018224,0.00046785,-0.036915
0.011747,-0.024025,0.018837,-0.012101,-0.0069443,-0.028859
0.011747,-0.023702,0.011425,-0.019191,-0.0037216,-0.031114
0.0049796,-0.018868,0.012714,-0.019513,0.011103,-0.033048
0.00788,-0.021446,0.019804,-0.013712,0.035595,-0.030148
0.0072355,-0.02338,0.024316,-0.012423,0.048808,-0.033693
0.0075578,-0.022735,0.01078,-0.026603,0.039462,-0.03047
0.0036905,-0.020802,0.014003,-0.023702,0.030439,-0.029825
0.0059464,-0.021124,0.011747,-0.019835,0.016904,-0.024025
0.0040128,-0.020802,0.016259,-0.014679,-0.020802,-0.02338
0.0049796,-0.022413,0.021093,-0.0095225,-0.0030771,-0.018224
0.013359,-0.022091,0.024638,-0.0037216,0.096182,-0.01629
0.017548,-0.016612,0.01787,-0.0043662,0.15483,-0.017579
0.013036,-0.018868,0.0056242,-0.010812,0.12938,-0.020802
0.018193,-0.024347,0.0053019,-0.0088779,0.062343,-0.021446
0.01207,-0.024347,0.018193,-0.014034,0.018515,-0.025314
0.0056242,-0.022091,0.020126,-0.010812,0.010136,-0.025314
0.0082023,-0.021446,0.02206,-0.015001,0.0088468,-0.020157
0.01078,-0.021124,0.019159,-0.02628,0.0091691,-0.022091
0.010136,-0.019513,0.013681,-0.02338,0.0011124,-0.022413
0.0043351,-0.018224,0.016904,-0.019513,-0.005333,-0.028859
0.0020792,-0.025636,0.015937,-0.016935,0.00014558,-0.027247
0.0011124,-0.025636,0.014003,-0.02048,-0.0040439,-0.028214
0.0053019,-0.025636,0.015937,-0.029181,-0.00082122,-0.032081
0.0053019,-0.022091,0.016904,-0.025636,0.003046,-0.029503
0.0059464,-0.021124,0.011103,-0.024991,0.0027237,-0.034982
0.01078,-0.017579,0.015292,-0.021446,-0.00082122,-0.031114
0.012714,-0.018546,0.013359,-0.022413,0.0027237,-0.024991
0.02206,-0.018546,0.012392,-0.016935,0.0062687,-0.035304
0.020126,-0.021446,0.016581,-0.01629,0.0091691,-0.032726
0.015292,-0.024347,0.016904,-0.015646,0.010458,-0.024025
0.020771,-0.023702,0.021738,-0.020157,0.015937,-0.02757
0.020449,-0.02628,0.015937,-0.018546,0.01497,-0.024669
0.023027,-0.025314,0.015292,-0.017579,0.015292,-0.026603
0.017226,-0.024347,0.017226,-0.021124,0.016904,-0.023702
0.0094914,-0.020802,0.01207,-0.023058,0.012392,-0.024991
0.0036905,-0.022735,0.013681,-0.015001,0.014003,-0.024991
0.0027237,-0.018868,0.013036,-0.015646,0.016904,-0.024347
0.00788,-0.019835,0.017548,-0.011456,0.018837,-0.029825
0.010136,-0.024669,0.018837,-0.014034,0.022382,-0.033693
0.0062687,-0.024025,0.01787,-0.030148,0.018515,-0.02628
0.0069132,-0.028536,0.017548,-0.024025,0.022704,-0.02338
0.0043351,-0.026603,0.012392,-0.020157,0.01497,-0.028536
-0.0027548,-0.02338,0.016904,-0.0056553,0.025927,-0.025314
0.0062687,-0.025958,0.018515,0.0036905,0.03914,-0.021769
0.013681,-0.02338,0.013681,-0.0056553,0.031728,-0.024991
0.018837,-0.023058,0.018515,-0.012101,0.02496,-0.024025
0.01787,-0.024025,0.02206,-0.011778,0.027538,-0.030792
0.016581,-0.025636,0.017226,-0.012423,0.031728,-0.027247
0.015614,-0.023058,0.013036,-0.0056553,0.032372,-0.029503
0.012714,-0.017257,0.011103,-0.020802,0.02496,-0.03047
0.0088468,-0.02338,0.015937,-0.025636,0.021738,-0.022413
0.0049796,-0.019513,0.013036,-0.016935,0.027216,-0.019513
0.0036905,-0.019513,0.0098136,-0.023702,0.024638,-0.022091
0.011425,-0.019191,0.011103,-0.020802,0.025283,-0.021124
0.013036,-0.02048,0.016904,-0.017257,0.02206,-0.022735
0.012714,-0.022413,0.014648,-0.019191,0.020126,-0.026603
0.0094914,-0.022413,0.014325,-0.016935,0.021738,-0.02628
0.0082023,-0.026925,0.019804,-0.01339,0.021738,-0.031114
0.0094914,-0.024025,0.016581,-0.015323,0.015292,-0.031114
0.0091691,-0.022735,0.021738,-0.015323,0.013681,-0.03047
0.013036,-0.021769,0.021415,-0.013067,0.018515,-0.032081
0.014003,-0.025314,0.014325,-0.010489,0.021415,-0.032726
0.0098136,-0.023702,0.01497,-0.014679,0.024316,-0.030792
0.0049796,-0.024025,0.015292,-0.014357,0.023993,-0.024669
0.0046573,-0.023702,0.01497,-0.016612,0.021093,-0.020157
0.010136,-0.025636,0.015614,-0.012423,0.020126,-0.025636
0.0094914,-0.024025,0.012392,-0.010812,0.021738,-0.026603
0.012392,-0.022735,0.0049796,-0.0098447,0.023993,-0.022735
0.015937,-0.025636,0.012714,-0.011456,0.01787,-0.02338
0.020771,-0.021446,0.015292,-0.01629,0.012714,-0.022091
0.014003,-0.022091,0.019159,-0.0098447,0.013359,-0.024991
0.011747,-0.025314,0.013036,-0.0037216,0.0098136,-0.034982
0.012714,-0.025958,0.015937,-0.017901,0.012392,-0.033693
0.016259,-0.027247,0.015937,-0.030792,0.02206,-0.027247
0.013359,-0.024669,0.015292,-0.02048,0.033662,-0.025958
0.011425,-0.021446,0.015614,-0.019191,0.021738,-0.030148
0.011103,-0.020802,0.021415,-0.021446,0.017548,-0.02628
0.013359,-0.019191,0.020126,-0.019191,0.01787,-0.031114
0.01787,-0.020802,0.017226,-0.013712,0.020771,-0.03337
0.016259,-0.024025,0.019804,-0.0072666,0.027216,-0.027247
0.01497,-0.022413,0.023993,-0.010812,0.031728,-0.027892
0.0085246,-0.021446,0.018193,-0.017579,0.023993,-0.025636
0.0040128,-0.021124,0.013036,-0.022413,0.0094914,-0.02628
0.0062687,-0.019191,0.01078,-0.015646,0.0072355,-0.022091
0.0049796,-0.02338,0.0088468,-0.01629,0.014648,-0.024991
0.0053019,-0.023702,0.0075578,-0.017901,0.018515,-0.02757
0.0091691,-0.020802,0.011425,-0.010489,0.016904,-0.031437
0.006591,-0.018546,0.021093,-0.014357,0.016259,-0.029503
0.0082023,-0.021124,0.015292,-0.018224,0.02206,-0.025636
0.0053019,-0.022091,0.017226,-0.019835,0.03624,-0.023058
0.0062687,-0.016935,0.023671,-0.017257,0.048486,-0.021124
0.0059464,-0.015001,0.026572,-0.011134,0.042041,-0.025958
0.003046,-0.018868,0.023349,-0.014034,0.034628,-0.028214
0.0040128,-0.022413,0.025605,-0.018224,0.02915,-0.027892
0.006591,-0.021124,0.014003,-0.01629,0.02496,-0.02757
0.0053019,-0.021769,0.021415,-0.017901,0.026572,-0.028214
0.00788,-0.024991,0.022704,-0.015646,0.029794,-0.023058
0.013681,-0.02628,0.015292,-0.018868,0.023993,-0.021124
0.010458,-0.022413,0.011747,-0.015646,0.019804,-0.019835
0.01078,-0.021769,0.015292,-0.01339,0.019804,-0.014034
0.013359,-0.016935,0.011747,-0.016612,0.017548,-0.019513
0.011747,-0.014679,0.010458,-0.022413,0.016904,-0.024991
0.0085246,-0.022735,0.0085246,-0.023702,0.015292,-0.020802
0.0059464,-0.024669,0.011747,-0.015968,0.018515,-0.025314
0.0082023,-0.02338,0.0072355,-0.015646,0.025605,-0.024991
0.013681,-0.028859,0.00014558,-0.018868,0.023349,-0.02628
0.0088468,-0.031114,0.011103,-0.016935,0.021415,-0.030792
0.0059464,-0.027892,0.0088468,-0.022735,0.025927,-0.03337
0.0094914,-0.025636,0.0059464,-0.018868,0.023993,-0.039816
0.01207,-0.017579,0.034628,-0.011134,0.01497,-0.035304
0.02206,-0.020802,0.048164,-0.019513,0.016581,-0.02757
0.020771,-0.021124,0.023349,-0.02048,0.013681,-0.026603
0.013359,-0.018868,0.011425,-0.012423,-0.0043662,-0.024991
0.012714,-0.013067,0.017548,-0.010812,-0.026603,-0.018868
0.012714,-0.010489,0.021738,-0.0079111,0.010136,-0.029181
0.01078,-0.016612,0.023349,-0.011134,0.042363,-0.032404
0.0091691,-0.022091,0.021415,-0.012423,0.026894,-0.030148
0.014325,-0.024669,0.022382,-0.01339,0.024316,-0.029181
0.014325,-0.024347,0.015937,-0.020157,0.024316,-0.028214
0.014648,-0.025314,0.010458,-0.014034,0.019159,-0.028536
0.01787,-0.024991,0.010136,-0.015968,0.015614,-0.031114
0.018193,-0.024991,0.014003,-0.026603,0.013359,-0.027247
0.01787,-0.02757,0.015292,-0.022413,0.013681,-0.029181
0.012392,-0.024669,0.016904,-0.023058,0.013681,-0.025636
0.011103,-0.024347,0.020449,-0.017579,0.025283,-0.026603
0.0059464,-0.02628,0.017226,-0.012423,0.025605,-0.024347
0.006591,-0.025314,0.015292,-0.0059775,0.026894,-0.023702
0.014648,-0.019191,0.012714,-0.021124,0.030439,-0.024347
0.016581,-0.022091,0.010136,-0.021769,0.032695,-0.025636
0.011425,-0.024025,0.01207,-0.0082334,0.038173,-0.02757
0.0091691,-0.026925,0.0075578,-0.014679,0.032695,-0.023702
0.0069132,-0.023702,0.015614,-0.014679,0.024316,-0.020157
0.0036905,-0.025314,0.016259,-0.015323,0.019159,-0.026603
0.0049796,-0.023702,0.014003,-0.019513,0.016581,-0.030792
0.0088468,-0.024669,0.013681,-0.015323,0.019159,-0.024347
0.01078,-0.021446,0.011425,-0.021124,0.01787,-0.023702
0.0082023,-0.019835,0.0082023,-0.015646,0.015614,-0.029825
0.014003,-0.02048,0.013359,-0.012101,0.018515,-0.034982
0.014325,-0.02338,0.016259,-0.015646,0.016904,-0.029181
0.013036,-0.023058,0.018837,-0.016612,0.017548,-0.029181
0.014648,-0.020157,0.016259,-0.016612,0.017548,-0.030148
0.016904,-0.021124,0.015937,-0.014034,0.016904,-0.029503
0.016581,-0.021124,0.019482,-0.017901,0.025283,-0.028214
0.020126,-0.02048,0.015937,-0.023702,0.028183,-0.025314
0.021415,-0.01629,0.019159,-0.017579,0.025927,-0.020802
0.014003,-0.015001,0.024638,-0.021769,0.021738,-0.022091
0.011103,-0.018546,0.01497,-0.023702,0.0088468,-0.027892
0.0085246,-0.023058,0.0075578,-0.02757,-0.0046884,-0.031437
0.0069132,-0.020157,0.015937,-0.02628,0.0011124,-0.031759
0.0011124,-0.020157,0.01787,-0.023058,0.016581,-0.02628
0.0088468,-0.02757,0.023027,-0.011778,0.031728,-0.022735
0.0094914,-0.025636,0.016259,-0.017901,0.033984,-0.02757
0.0024015,-0.022735,0.00079012,-0.019835,0.044941,-0.02757
-0.00017668,-0.026603,0.013681,-0.01629,0.061054,-0.018224
0.0017569,-0.026603,0.014325,-0.0066221,0.052998,-0.02628
0.0043351,-0.022413,0.0072355,0.00014558,0.027216,-0.028859
0.0072355,-0.025636,0.014003,0.0011124,0.026249,-0.025314
0.0049796,-0.024669,0.026572,-0.0085557,0.034628,-0.024025
0.0040128,-0.020802,0.02206,-0.0082334,0.016904,-0.02628
0.0049796,-0.023058,0.020126,-0.0072666,0.011103,-0.028214
0.0049796,-0.024669,0.024316,-0.011778,0.012714,-0.030792
0.0043351,-0.019513,0.023993,-0.011134,0.01207,-0.03047
0.006591,-0.016935,0.021738,-0.013067,0.014648,-0.024669
0.0056242,-0.022091,0.024316,-0.019513,0.011425,-0.030792
0.0059464,-0.026925,0.016259,-0.015646,0.017226,-0.029503
0.0056242,-0.022091,0.016259,-0.01339,0.02206,-0.024669
0.01207,-0.020157,0.023671,-0.012423,0.011425,-0.03337
0.016904,-0.022413,0.019159,-0.011134,0.0040128,-0.03337
0.0082023,-0.026603,0.016581,-0.018224,0.021738,-0.033048
0.0088468,-0.02338,0.01207,-0.017579,0.017226,-0.034337
0.01497,-0.028859,0.01078,-0.019513,0.0020792,-0.029825
0.015292,-0.029825,0.0049796,-0.020802,0.0033683,-0.031114
0.010136,-0.022413,0.01497,-0.016935,0.0036905,-0.032726
0.014648,-0.024025,0.022382,-0.016612,0.0059464,-0.030792
0.016581,-0.025314,0.019804,-0.019191,0.0088468,-0.02757
0.012714,-0.024025,0.0082023,-0.029825,0.017548,-0.028859
0.011103,-0.021769,0.0094914,-0.023702,0.035595,-0.023058
0.011103,-0.016612,0.013359,-0.016935,0.049453,-0.024025
0.011747,-0.014357,0.012714,-0.016612,0.052998,-0.02338
0.015937,-0.012745,0.0049796,-0.017901,0.037206,-0.021769
0.017548,-0.015646,0.0075578,-0.020802,0.03205,-0.024347
0.018837,-0.016612,0.0098136,-0.011456,0.028827,-0.025314
0.018837,-0.019191,0.0082023,-0.0072666,0.021738,-0.02338
0.015614,-0.017901,0.011103,-0.010812,0.012392,-0.024669
0.014003,-0.020157,0.016904,-0.018546,0.011747,-0.02757
0.013036,-0.023702,0.010458,-0.02338,0.0024015,-0.028859
0.012714,-0.024025,0.013359,-0.010167,0.015292,-0.026925
0.01497,-0.024347,0.019482,-0.012745,0.013036,-0.023058
0.0091691,-0.026603,0.018193,-0.018224,-0.0056553,-0.026925
0.0075578,-0.020802,0.014648,-0.0088779,-0.0062998,-0.017901
0.01207,-0.020157,0.014325,-0.014357,0.010136,-0.02048
0.0072355,-0.031114,0.018837,-0.030148,0.033662,-0.022735
0.0088468,-0.028859,0.021415,-0.010167,0.057187,-0.026925
0.014003,-0.024025,0.016259,-0.01339,0.081357,-0.024991
0.014325,-0.021769,0.012392,-0.011134,0.071689,-0.029503
0.015937,-0.022735,0.013681,-0.013712,0.039462,-0.025314
0.014648,-0.025636,0.017548,-0.022735,0.016904,-0.02338
0.023671,-0.024025,0.018515,-0.026925,0.021415,-0.021769
0.016259,-0.023702,0.01497,-0.024991,0.030761,-0.022735
0.016904,-0.024347,0.014325,-0.028214,0.023349,-0.024025
0.015614,-0.027892,0.020449,-0.02048,0.010458,-0.022735
0.011103,-0.025314,0.017226,-0.017901,-0.0056553,-0.027892
0.011425,-0.025958,0.019804,-0.014679,-0.0062998,-0.025314
0.006591,-0.023702,0.019159,-0.015001,0.00788,-0.02757
0.0043351,-0.017901,0.017226,-0.015646,0.026249,-0.027247
0.0027237,-0.021769,0.020126,-0.015001,0.042685,-0.02628
-0.0050107,-0.023058,0.019482,-0.0069443,0.026572,-0.032081
-0.0046884,-0.019513,0.018837,-0.0098447,0.018837,-0.028859
-0.0069443,-0.021769,0.019804,-0.028859,0.016581,-0.025958
-0.00017668,-0.023058,0.023349,-0.01339,0.022382,-0.024991
0.006591,-0.02048,0.023027,-0.0095225,0.016259,-0.02628
0.013036,-0.021124,0.020771,-0.0075889,0.015937,-0.027247
0.016904,-0.02048,0.019804,-0.0095225,0.017548,-0.022735
0.012392,-0.021446,0.018837,-0.020802,0.020126,-0.030792
0.016581,-0.021446,0.02206,-0.022735,0.021093,-0.028214
0.014325,-0.020157,0.01787,-0.025958,0.017548,-0.021769
0.00788,-0.01629,0.016259,-0.021124,0.018193,-0.026925
0.0036905,-0.021446,0.015292,-0.019191,0.022382,-0.028214
0.0062687,-0.022735,0.01497,-0.014357,0.021738,-0.034337
0.0098136,-0.02048,0.017548,-0.011134,0.030439,-0.032404
0.016259,-0.022413,0.013681,-0.013712,0.02496,-0.028859
0.013681,-0.022413,0.012392,-0.015323,0.018515,-0.019191
0.011103,-0.022413,0.012714,-0.015646,0.016581,-0.02628
0.015292,-0.022413,0.012392,-0.01629,0.013681,-0.023702
0.019804,-0.024669,0.015292,-0.021124,0.018837,-0.029181
0.0091691,-0.026603,0.013681,-0.012423,0.019804,-0.032404
0.01078,-0.023702,0.006591,-0.018868,0.01207,-0.02628
0.010136,-0.02628,0.010136,-0.015968,0.016581,-0.028859
0.014648,-0.025958,0.016904,-0.012101,0.018837,-0.030792
0.01497,-0.025636,0.011425,-0.018224,0.021415,-0.025958
0.014325,-0.026603,0.011425,-0.017257,0.023027,-0.01629
0.016259,-0.02628,0.017226,-0.017257,0.031728,-0.024669
0.011103,-0.025314,0.012392,-0.015323,0.02496,-0.019513
0.0075578,-0.024347,0.010458,-0.015323,0.02496,-0.023702
0.010136,-0.028859,0.013681,-0.01339,0.023027,-0.028214
0.0091691,-0.029503,0.017548,-0.017257,0.018193,-0.024025
0.0091691,-0.018546,0.01787,-0.012101,-0.0072666,-0.027892
0.0072355,-0.01339,0.01787,-0.0043662,-0.02338,-0.026603
0.006591,-0.02757,0.014003,-0.01339,0.01207,-0.026603
0.015614,-0.02048,0.017226,-0.014679,0.025927,-0.024991
0.014648,-0.01339,0.014648,-0.012745,0.030439,-0.023058
0.015614,-0.012423,0.015937,-0.010489,0.027861,-0.029503
0.011747,-0.015323,0.017548,-0.012745,0.016259,-0.030148
0.011425,-0.02757,0.018837,-0.014679,0.035917,-0.028214
0.014003,-0.024347,0.019159,-0.0050107,0.079101,-0.024991
0.0094914,-0.012423,0.014325,-0.0059775,0.053642,-0.024669
0.0053019,-0.015968,0.010136,-0.021446,0.026572,-0.032404
0.0043351,-0.021446,0.01787,-0.013712,0.022382,-0.03337
0.00788,-0.01629,0.028505,-0.012745,0.019804,-0.029181
0.010458,-0.017901,0.012714,-0.018868,0.017548,-0.02628
0.013359,-0.02048,0.011103,-0.020802,0.018837,-0.028536
0.012714,-0.019191,0.017548,-0.011456,0.023027,-0.031114
0.0094914,-0.019191,0.018515,-0.012745,0.018837,-0.029503
0.0085246,-0.022413,0.01497,-0.022735,0.015614,-0.031437
0.01207,-0.025314,0.01078,-0.019191,0.016904,-0.024669
0.0098136,-0.022413,0.016904,-0.018224,0.0082023,-0.025958
0.012392,-0.018868,0.012714,-0.021124,0.0072355,-0.026603
0.006591,-0.020802,0.014003,-0.018868,0.006591,-0.020157
0.0027237,-0.024347,0.011747,-0.020157,0.011747,-0.024025
0.006591,-0.022735,0.01207,-0.012423,0.0094914,-0.024991
0.0094914,-0.02338,0.01497,-0.0066221,0.010458,-0.022091
0.013681,-0.026925,0.012714,-0.016612,0.01787,-0.026603
0.018837,-0.024991,0.0091691,-0.024347,0.033662,-0.034015
0.016904,-0.019835,0.015937,-0.019835,0.052998,-0.027892
0.015937,-0.019513,0.016904,-0.021124,0.047197,-0.025636
0.012714,-0.024347,0.016259,-0.014679,0.033339,-0.024669
0.0091691,-0.025314,0.016259,-0.010812,0.023993,-0.023058
0.0049796,-0.025314,0.013359,-0.015968,0.020771,-0.029181
0.0027237,-0.024991,0.016259,-0.020157,0.017548,-0.024991
0.013036,-0.027247,0.01787,-0.020157,0.022382,-0.025958
0.012714,-0.02757,0.021738,-0.020157,0.015614,-0.028214
0.011103,-0.02757,0.022704,-0.024991,0.014003,-0.024347
0.018193,-0.025958,0.016259,-0.019513,0.015937,-0.027247
0.016259,-0.024991,0.014648,-0.015323,0.0072355,-0.03047
0.011425,-0.024347,0.01787,-0.018546,0.010458,-0.028214
0.0088468,-0.024347,0.014648,-0.019191,0.0088468,-0.027892
0.00788,-0.024347,0.012714,-0.01629,0.013681,-0.031759
0.0072355,-0.02628,0.012392,-0.014034,0.011425,-0.028536
0.0085246,-0.02757,0.0091691,-0.011134,0.0017569,-0.03047
0.01078,-0.025958,0.013359,-0.0075889,-0.014357,-0.031114
0.0075578,-0.026925,0.013036,-0.012101,-0.0050107,-0.024347
0.0091691,-0.022413,0.0098136,-0.016612,0.013036,-0.02628
0.01078,-0.021446,0.018193,-0.014034,0.014003,-0.02338
0.01207,-0.022091,0.018837,-0.019835,0.020771,-0.022413
0.01497,-0.017901,0.016581,-0.019191,0.026572,-0.025958
0.01497,-0.020802,0.017548,-0.014034,0.043652,-0.025636
0.016259,-0.020802,0.02206,-0.011778,0.049453,-0.02757
0.015937,-0.022735,0.021093,-0.012745,0.038818,-0.02757
0.016581,-0.02757,0.019804,-0.02048,0.032372,-0.025314
0.015937,-0.023058,0.0024015,-0.019513,0.033017,-0.025636
0.011103,-0.022091,0.010458,-0.018546,0.029472,-0.024991
0.01207,-0.022091,0.020771,-0.019835,0.029794,-0.027892
0.006591,-0.019835,0.021415,-0.010489,0.033662,-0.031437
0.0062687,-0.023702,0.025927,-0.0046884,0.039785,-0.028536
0.01207,-0.022413,0.024638,-0.012745,0.026249,-0.033693
0.01207,-0.018868,0.024316,-0.01339,0.01078,-0.034659
0.012392,-0.019835,0.01787,-0.0075889,0.0085246,-0.028536
0.014325,-0.021124,0.01497,-0.01339,0.020771,-0.028536
0.01207,-0.024347,0.019159,-0.020802,0.025605,-0.031759
0.013359,-0.02338,0.023027,-0.021769,0.018193,-0.027247
0.016259,-0.021769,0.017548,-0.02048,0.021415,-0.020157
0.012714,-0.024025,0.014648,-0.023058,0.022704,-0.020802
0.010136,-0.021124,0.013681,-0.022735,0.023349,-0.015646
0.0049796,-0.017901,0.015937,-0.024669,0.025927,-0.023702
0.003046,-0.017579,0.018837,-0.026603,0.025283,-0.030792
0.006591,-0.021769,0.021415,-0.021769,0.023671,-0.029503
0.0049796,-0.02757,0.014325,-0.020802,0.017226,-0.028214
0.0024015,-0.022735,0.013036,-0.029825,0.015292,-0.027247
0.0036905,-0.019191,0.011747,-0.032726,0.022382,-0.024991
0.0046573,-0.019835,0.012714,-0.014357,0.022382,-0.028536
-0.001788,-0.022735,0.015614,0.0017569,0.013681,-0.032726
0.0033683,-0.019191,0.016581,-0.014357,0.014003,-0.029503
0.0033683,-0.017579,0.015292,-0.021446,0.0094914,-0.031114
0.0017569,-0.018868,0.015292,-0.011134,0.011425,-0.032726
0.0062687,-0.018224,0.015614,-0.011456,0.0085246,-0.028214
0.0072355,-0.02048,0.011425,-0.0095225,-0.00017668,-0.025636
0.0082023,-0.029825,0.0091691,-0.0095225,-0.00049895,-0.023702
0.0040128,-0.039493,0.0091691,-0.011134,0.00079012,-0.029503
0.0056242,-0.032404,0.00079012,-0.012745,-0.0037216,-0.027247
0.0094914,-0.034982,-0.0046884,-0.011134,0.0088468,-0.02048
0.018193,-0.025314,0.0059464,-0.0069443,0.049775,-0.021769
0.020126,-0.0043662,0.016259,-0.010489,0.080068,-0.020802
0.02496,0.012392,0.02915,-0.011456,0.085547,-0.02048
0.023671,-0.0037216,0.044941,-0.0062998,0.094248,-0.02048
0.024316,-0.011778,0.028183,-0.0079111,0.075879,-0.01629
0.020126,-0.012423,0.016259,-0.01339,0.037851,-0.02048
0.015292,-0.018868,0.030439,-0.012423,0.020771,-0.021124
0.013681,-0.021769,0.016904,-0.01629,0.013036,-0.023702
0.00788,-0.024025,0.01497,-0.019513,0.014003,-0.026925
0.013359,-0.025958,0.014648,-0.013067,0.0094914,-0.02338
0.012392,-0.022091,0.014648,-0.012745,0.00788,-0.029825
0.013681,-0.022735,0.01497,-0.014679,0.003046,-0.03337
0.01787,-0.024669,0.01497,-0.011134,0.006591,-0.032081
0.019804,-0.027892,0.010136,-0.016935,0.0049796,-0.031759
0.016259,-0.03047,0.0082023,-0.019835,0.0040128,-0.028859
0.015292,-0.030792,0.013359,-0.02048,0.0040128,-0.033693
0.014325,-0.028859,0.017548,-0.017901,0.0027237,-0.03337
0.015614,-0.030148,0.014648,-0.019191,0.0024015,-0.033048
0.014648,-0.026603,0.014003,-0.025314,0.003046,-0.033048
0.010458,-0.024025,0.019159,-0.020802,0.0094914,-0.032081
0.0072355,-0.022091,0.01787,-0.01629,0.021415,-0.024025
0.00788,-0.02048,0.018193,-0.014679,0.030117,-0.02628
0.0046573,-0.024669,0.01207,-0.021446,0.021415,-0.031114
0.0040128,-0.022413,0.01497,-0.02628,0.016904,-0.03047
0.014003,-0.02048,0.01787,-0.015001,0.027216,-0.027892
0.013359,-0.02628,0.01497,-0.01629,0.023349,-0.03047
0.0085246,-0.025636,0.01497,-0.015646,0.022382,-0.024991
0.012392,-0.022413,0.011103,-0.011134,0.020771,-0.023702
0.01207,-0.02048,0.016259,-0.015968,0.017226,-0.025958
0.0091691,-0.022735,0.013359,-0.014679,0.023993,-0.021769
0.014325,-0.023058,0.0088468,-0.014679,0.024638,-0.017257
0.017226,-0.02048,0.01207,-0.024991,0.021093,-0.023702
0.010458,-0.017901,0.010136,-0.02338,0.023349,-0.024669
0.0059464,-0.021446,0.015292,-0.020157,0.02206,-0.022735
0.0069132,-0.025314,0.014325,-0.022091,0.021738,-0.022413
0.0085246,-0.025314,0.016259,-0.019191,0.019159,-0.029181
0.012392,-0.028536,0.018515,-0.019513,0.013359,-0.025636
0.012392,-0.024669,0.014648,-0.019835,0.015614,-0.025636
0.011103,-0.024991,0.016581,-0.018546,0.015937,-0.030148
0.013036,-0.025314,0.021738,-0.017257,0.012714,-0.021446
0.0091691,-0.025636,0.019804,-0.015323,0.01078,-0.022735
0.011747,-0.025636,0.017548,-0.019191,0.014325,-0.026925
0.01207,-0.022091,0.015292,-0.012745,0.021738,-0.025314
0.0014347,-0.018868,0.01207,-0.014357,0.037851,-0.021446
-0.0011435,-0.024025,0.013036,-0.01629,0.056865,-0.028214
0.0033683,-0.014034,0.022704,-0.016612,0.05332,-0.031114
0.0046573,-0.015001,0.018515,-0.020157,0.019159,-0.025314
0.0091691,-0.019191,0.016904,-0.014357,0.0014347,-0.029825
0.0091691,-0.017579,0.021093,-0.010489,-0.0033994,-0.024347
0.0098136,-0.011456,0.018837,-0.012423,0.02915,-0.024669
0.006591,-0.015001,0.014325,-0.018224,0.055576,-0.025636
0.0033683,-0.02048,0.01497,-0.016935,0.040107,-0.022735
0.0072355,-0.024347,0.015292,-0.014679,0.026249,-0.019191
0.006591,-0.026925,0.017548,-0.0085557,0.013681,-0.026925
0.00079012,-0.022413,0.019804,-0.0069443,0.022382,-0.029503
0.0082023,-0.02338,0.017226,-0.015323,0.015614,-0.026925
0.0094914,-0.029181,0.014648,-0.022091,0.0088468,-0.03047
0.012714,-0.022735,0.016904,-0.011456,0.011103,-0.028859
0.012392,-0.02338,0.018837,-0.0088779,0.0075578,-0.03047
0.013359,-0.025314,0.019159,-0.012423,0.010136,-0.026925
0.013359,-0.019835,0.017226,-0.014357,0.012714,-0.033693
0.0094914,-0.023702,0.016904,-0.016935,0.014003,-0.034015
0.011425,-0.02338,0.016904,-0.01629,0.014648,-0.036271
0.010458,-0.019835,0.018193,-0.012101,0.017226,-0.025958
0.0072355,-0.019191,0.010458,-0.014679,0.02206,-0.02338
0.0069132,-0.02048,0.0069132,-0.017901,0.020449,-0.030148
0.0069132,-0.022091,0.0085246,-0.017901,0.024638,-0.024669
0.0094914,-0.023058,0.010136,-0.014357,0.023027,-0.03047
0.0072355,-0.025636,0.0098136,-0.015323,0.017226,-0.028536
0.0049796,-0.025314,0.014648,-0.02048,0.016904,-0.03047
0.0059464,-0.02628,0.018193,-0.016612,0.011425,-0.027892
0.0036905,-0.025314,0.019482,-0.013067,0.016259,-0.027247
0.0059464,-0.02628,0.016581,-0.011134,0.023349,-0.030792
0.013036,-0.026603,0.015937,-0.015001,0.025283,-0.029181
0.011747,-0.027247,0.016581,-0.01629,0.02206,-0.024669
0.0091691,-0.04465,0.014648,-0.015968,0.02496,-0.026925
0.010136,-0.051095,0.011425,-0.012423,0.025283,-0.022413
0.015292,-0.043683,0.016581,-0.013067,0.019159,-0.024991
0.015937,-0.041105,0.021738,-0.015646,0.019482,-0.020802
0.017548,-0.02048,0.017226,-0.018224,0.02915,-0.019513
0.024316,0.011425,0.024316,-0.024025,0.029794,-0.025958
0.030117,0.027538,0.038818,-0.024025,0.025605,-0.02338
0.020126,0.0085246,0.036562,-0.024991,0.022382,-0.032404
0.013681,-0.010489,0.019159,-0.024347,0.019482,-0.028214
0.0085246,-0.017901,0.01078,-0.021446,0.016581,-0.029825
0.0094914,-0.017257,0.0062687,-0.017901,0.017548,-0.026925
0.01207,-0.017257,0.01497,-0.014034,0.019159,-0.025314
0.011425,-0.019191,0.020771,-0.018546,0.023349,-0.024669
0.015937,-0.025314,0.0098136,-0.017901,0.026894,-0.023058
0.014648,-0.025958,0.0094914,-0.012101,0.023671,-0.025314
0.012714,-0.02628,0.018837,-0.01629,0.01787,-0.024025
0.011747,-0.028859,0.020449,-0.015001,0.018193,-0.024991
0.006591,-0.03047,0.013359,-0.015323,0.020449,-0.023702
0.0053019,-0.028536,0.014003,-0.014679,0.02206,-0.025958
0.0056242,-0.027247,0.011425,-0.01339,0.0075578,-0.02338
0.006591,-0.024669,0.015292,-0.012745,0.0049796,-0.021769
0.0062687,-0.02048,0.015614,-0.013067,0.010458,-0.029503
0.0056242,-0.024347,0.012392,-0.015323,0.01207,-0.028536
0.0040128,-0.027247,0.012392,-0.015968,0.020771,-0.024669
0.0085246,-0.027892,0.015937,-0.011778,0.033984,-0.018546
0.0082023,-0.024347,0.015292,-0.010812,0.03914,-0.024669
0.011103,-0.020157,0.013359,-0.010167,0.040429,-0.032404
0.013681,-0.021769,0.016904,-0.010489,0.037529,-0.028536
0.010458,-0.02048,0.012392,-0.014679,0.038496,-0.026603
0.014648,-0.018224,0.012392,-0.021124,0.031406,-0.027892
0.01787,-0.018224,0.012714,-0.016935,0.015614,-0.032726
0.016259,-0.020157,0.013036,-0.011134,0.018515,-0.031114
0.021093,-0.019513,0.01497,-0.0062998,0.020771,-0.029181
0.025605,-0.020157,0.013681,-0.025958,0.012392,-0.028214
0.021093,-0.022091,0.010458,-0.023702,0.018515,-0.032081
0.014003,-0.022735,0.013036,-0.0059775,0.026572,-0.02757
0.016581,-0.021446,0.0085246,-0.01629,0.026894,-0.025636
0.023993,-0.022735,0.014648,-0.032081,0.030439,-0.022413
0.015292,-0.02757,0.016259,-0.027247,0.034306,-0.029503
0.014003,-0.024347,0.014648,-0.019513,0.029472,-0.025958
0.01078,-0.025314,0.015292,-0.019513,0.020771,-0.018224
0.0085246,-0.027892,0.018193,-0.010489,0.0082023,-0.026925
0.011425,-0.020802,0.01787,-0.018868,0.019159,-0.029825
0.011103,-0.022413,0.018515,-0.025636,0.020449,-0.029181
0.0027237,-0.02338,0.01787,-0.019191,0.011747,-0.022735
0.003046,-0.022413,0.016904,-0.01629,0.0094914,-0.033048
0.0056242,-0.024669,0.018837,-0.012745,0.015614,-0.027247
0.0046573,-0.023702,0.019159,-0.016935,0.015614,-0.026603
0.011425,-0.024347,0.021415,-0.015968,0.016259,-0.025636
0.0082023,-0.020802,0.015292,-0.014357,0.020126,-0.022091
-0.0011435,-0.023058,0.015292,-0.013712,0.019804,-0.022413
-0.00082122,-0.024669,0.012392,-0.011456,0.019482,-0.024991
0.00046785,-0.024025,0.019804,-0.015001,0.024316,-0.024025
0.0027237,-0.022091,0.020126,-0.017901,0.023027,-0.026603
0.00046785,-0.023058,0.018193,-0.014357,0.017548,-0.030792
-0.0043662,-0.022735,0.020771,-0.015646,0.020449,-0.03047
0.0049796,-0.019513,0.017548,-0.011134,0.021738,-0.025958
0.0072355,-0.02048,0.017548,-0.0085557,0.02206,-0.029181
0.015937,-0.018868,0.015937,-0.0088779,0.021415,-0.021769
0.01497,-0.020802,0.014325,-0.013712,0.023349,-0.022735
0.0098136,-0.017257,0.018837,-0.016612,0.02206,-0.027247
0.0040128,-0.018546,0.014325,-0.014679,0.021415,-0.02757
0.003046,-0.02757,0.01207,-0.013712,0.02496,-0.028214
0.0056242,-0.023058,0.012392,-0.010167,0.018515,-0.026925
0.0094914,-0.024991,0.017226,-0.0037216,0.020126,-0.035949
0.010136,-0.025314,0.01787,-0.005333,0.026894,-0.029181
0.0098136,-0.023702,0.0098136,-0.010489,0.030761,-0.024991
0.018515,-0.02757,0.016259,-0.022413,0.019159,-0.030148
0.020449,-0.024991,0.018837,-0.021769,0.0082023,-0.029181
0.021738,-0.018868,0.02206,-0.025958,0.0062687,-0.02628
0.023671,-0.0095225,0.023349,-0.022091,0.0098136,-0.03047
0.021415,-0.014679,0.014003,-0.017579,0.0085246,-0.028859
0.019159,-0.019191,0.011103,-0.01339,0.011747,-0.02628
0.012714,-0.018546,0.010136,-0.015646,0.012392,-0.025314
0.014325,-0.022735,0.010458,-0.017901,0.018837,-0.02338
0.016581,-0.021124,0.012392,-0.023058,0.029472,-0.024669
0.011103,-0.021446,0.015292,-0.020802,0.040751,-0.028214
0.0082023,-0.02048,0.01497,-0.017901,0.037851,-0.028214
0.0094914,-0.02048,0.01787,-0.020802,0.022704,-0.028536
0.0046573,-0.021446,0.016904,-0.016935,0.018837,-0.020802
0.012714,-0.024991,0.014325,-0.015323,0.026894,-0.022091
0.015614,-0.026603,0.014648,-0.015646,0.012392,-0.026925
0.017548,-0.025958,0.020126,-0.017579,-0.01339,-0.029825
0.01078,-0.023058,0.016581,-0.019835,-0.0095225,-0.031759
0.0088468,-0.023702,0.016581,-0.016612,0.023671,-0.031114
0.01207,-0.019835,0.02206,-0.01339,0.082646,-0.029181
0.0094914,-0.016935,0.019159,-0.014357,0.097148,-0.027892
0.010136,-0.020802,0.016581,-0.016612,0.064922,-0.025314
0.020771,-0.020802,0.01497,-0.014357,0.031083,-0.021446
0.018193,-0.022735,0.01787,-0.011456,0.040107,-0.021446
0.011747,-0.021446,0.019159,-0.015001,0.036562,-0.025314
0.01078,-0.023058,0.016904,-0.018546,0.024638,-0.024025
0.0062687,-0.024991,0.021415,-0.01629,0.015292,-0.021124
0.0059464,-0.029181,0.020126,-0.013067,0.01078,-0.023702
0.006591,-0.030148,0.016259,-0.021446,0.003046,-0.022413
0.010458,-0.033048,0.010458,-0.024025,-0.0050107,-0.026925
0.011425,-0.028536,0.011747,-0.022091,0.0056242,-0.02628
0.006591,-0.024991,0.0088468,-0.010812,0.01787,-0.027247
0.011425,-0.024991,0.015292,-0.0095225,0.023027,-0.028214
0.011103,-0.029503,0.013681,-0.0092002,0.017226,-0.027892
0.0082023,-0.026925,0.012392,-0.010167,0.010458,-0.028214
0.0056242,-0.020157,0.013681,-0.011134,0.01207,-0.022091
0.0011124,-0.019513,0.018515,-0.012101,0.010458,-0.024347
0.006591,-0.020802,0.017226,-0.01629,0.013036,-0.027247
0.01078,-0.022091,0.017548,-0.014034,0.012392,-0.030148
0.01497,-0.021124,0.021415,-0.01629,0.006591,-0.035304
0.010458,-0.019191,0.019482,-0.025636,0.0094914,-0.030148
0.0088468,-0.020802,0.01078,-0.014679,0.011747,-0.028536
0.0059464,-0.022735,0.015614,-0.0098447,0.013359,-0.025314
0.0091691,-0.024347,0.016259,-0.024347,0.012714,-0.02338
0.010458,-0.022735,0.018193,-0.018224,0.020126,-0.02628
0.0069132,-0.019835,0.012392,-0.021446,0.023993,-0.02338
0.0098136,-0.02048,0.010136,-0.023702,0.022382,-0.022735
0.015937,-0.02757,0.015292,-0.022735,0.025283,-0.02628
0.018515,-0.027247,0.011747,-0.02628,0.023993,-0.027247
0.020449,-0.02338,0.013036,-0.024991,0.026572,-0.024347
0.015937,-0.020802,0.014325,-0.01629,0.027538,-0.025958
0.013681,-0.017901,0.012392,-0.018546,0.023671,-0.025636
0.010458,-0.020157,0.015937,-0.021124,0.01497,-0.025314
0.01078,-0.018224,0.016581,-0.011456,0.0062687,-0.02757
0.01207,-0.019191,0.014003,-0.0079111,0.0082023,-0.029181
0.0072355,-0.022091,0.013359,-0.017257,0.0082023,-0.025314
0.0072355,-0.022413,0.016581,-0.017901,-0.059796,-0.024669
0.0046573,-0.02628,0.018837,-0.0095225,-0.076877,-0.021769
0.0062687,-0.023058,0.01787,-0.01339,-0.0033994,-0.028859
0.00079012,-0.020157,0.022704,-0.014034,0.021415,-0.024669
0.00079012,-0.020157,0.023671,-0.0098447,0.062021,-0.025636
0.00046785,-0.019513,0.024638,-0.0050107,0.085547,-0.025636
0.0046573,-0.02048,0.024638,-0.005333,0.069756,-0.018868
0.0094914,-0.025314,0.016904,-0.0088779,0.062021,-0.023058
0.014648,-0.021446,0.015937,-0.0098447,0.067822,-0.024347
0.00788,-0.022091,0.018515,-0.0092002,0.047197,-0.025636
0.011103,-0.018868,0.01207,-0.010489,0.037529,-0.029503
0.017548,-0.018224,0.01497,-0.012423,0.034951,-0.026603
0.012392,-0.020802,0.014648,-0.019191,0.025283,-0.029503
0.011425,-0.02338,0.010458,-0.01629,0.023993,-0.02757
0.017548,-0.028859,0.015614,-0.017257,0.02496,-0.025636
0.020449,-0.028859,0.017226,-0.016935,0.019159,-0.025958
0.01787,-0.027892,0.014003,-0.017579,0.021415,-0.024669
0.014325,-0.02757,0.011103,-0.022091,0.02496,-0.028859
0.017548,-0.024347,0.0069132,-0.019835,0.025605,-0.033693
0.016904,-0.019191,0.010136,-0.018546,0.023349,-0.032404
0.020126,-0.019835,0.015292,-0.021769,0.026249,-0.024991
0.021415,-0.020802,0.017548,-0.018546,0.015292,-0.02338
0.012392,-0.022735,0.012392,-0.017257,0.012392,-0.025636
0.0027237,-0.018868,0.014648,-0.01339,0.016259,-0.025314
-0.00049895,-0.022413,0.013681,-0.01629,0.021415,-0.019835
0.0020792,-0.020157,0.0098136,-0.015323,0.016259,-0.034015
-0.0014658,-0.022413,0.013681,-0.016612,0.014003,-0.031759
-0.00082122,-0.021446,0.019159,-0.019191,0.017548,-0.033048
0.003046,-0.02048,0.018515,-0.020157,0.020126,-0.031759
0.010136,-0.021446,0.017226,-0.016612,0.019804,-0.029825
0.011425,-0.023058,0.017548,-0.017901,0.018193,-0.033048
0.010136,-0.020802,0.013681,-0.014679,0.017226,-0.02757
0.00788,-0.01629,0.015614,-0.0095225,0.017226,-0.030148
0.012392,-0.018546,0.016259,-0.0069443,0.015614,-0.028859
0.01207,-0.021124,0.023993,-0.019513,0.017548,-0.026603
0.010458,-0.02338,0.029472,-0.023702,0.015292,-0.025314
0.013359,-0.022091,0.030761,-0.013067,0.016904,-0.023058
0.015292,-0.017901,0.0049796,-0.017901,0.019482,-0.022735
0.01078,-0.020157,0.0043351,-0.012423,0.022382,-0.02757
0.013681,-0.02048,0.0062687,-0.011134,0.020126,-0.037882
0.011103,-0.017579,0.0059464,-0.017257,0.021093,-0.034337
0.0088468,-0.017901,0.01497,-0.019835,0.021738,-0.030792
0.011425,-0.021446,0.01787,-0.015001,0.018837,-0.023058
0.012392,-0.024991,0.020449,-0.01339,0.014003,-0.028536
0.012714,-0.025636,0.015292,-0.014679,0.011103,-0.028214
0.01497,-0.018868,0.019159,-0.018224,0.017548,-0.025636
0.01078,-0.021124,0.018193,-0.018224,0.018193,-0.022413
0.0075578,-0.024669,0.020126,-0.018868,0.020771,-0.02628
0.0046573,-0.02338,0.015292,-0.017901,0.019482,-0.028214
0.01207,-0.027247,0.021738,-0.017579,0.014325,-0.025314
0.015292,-0.024991,0.023671,-0.015323,0.016904,-0.02338
0.010458,-0.025958,0.023671,-0.014679,0.016904,-0.025636
0.013359,-0.026603,0.019804,-0.014357,0.013036,-0.028536
0.015937,-0.024025,0.01787,-0.017257,0.012714,-0.026925
0.013681,-0.02628,0.01787,-0.017579,0.012714,-0.026603
0.012392,-0.025636,0.018515,-0.017257,0.016904,-0.026925
0.01207,-0.02628,0.01787,-0.019513,0.013681,-0.029825
0.0053019,-0.024025,0.017226,-0.018868,0.0072355,-0.032404
0.0088468,-0.022413,0.015937,-0.015646,0.023671,-0.027892
0.0094914,-0.022413,0.01207,-0.0072666,0.051709,-0.024347
0.01078,-0.021769,0.013036,-0.013067,0.072978,-0.026603
0.016259,-0.020802,0.015292,-0.012423,0.079746,-0.02628
0.016259,-0.021769,0.023027,-0.010489,0.068144,-0.022413
0.01207,-0.02628,0.015292,-0.011456,0.049453,-0.024991
0.012714,-0.024347,0.016904,-0.014034,0.022704,-0.022413
0.01497,-0.022413,0.021093,-0.017901,0.011747,-0.017901
0.015292,-0.022735,0.013681,-0.017579,0.013681,-0.020802
0.012714,-0.026925,0.014003,-0.013712,0.012392,-0.025314
0.014003,-0.024669,0.01497,-0.016612,0.015614,-0.026603
0.0098136,-0.025636,0.01078,-0.019513,0.014003,-0.028536
0.0075578,-0.020802,0.0094914,-0.013067,0.012392,-0.029181
0.012714,-0.02048,0.016259,-0.016612,0.011103,-0.022735
0.012714,-0.023702,0.016581,-0.014679,0.011425,-0.020802
0.0094914,-0.019835,0.014648,-0.020157,0.012392,-0.023702
0.010136,-0.018546,0.016259,-0.024669,0.011425,-0.02757
0.0075578,-0.019835,0.011747,-0.028214,0.010458,-0.029181
0.003046,-0.021446,0.014648,-0.028214,0.015937,-0.030792
0.0072355,-0.020802,0.015292,-0.02757,0.016581,-0.028536
0.0075578,-0.031437,0.018515,-0.02338,0.013681,-0.020802
0.0011124,-0.027892,0.016581,-0.022735,0.016259,-0.024347
0.0020792,-0.021769,0.018837,-0.020802,0.013681,-0.022413
0.0085246,-0.020802,0.021093,-0.010167,0.0082023,-0.022735
0.01078,-0.018546,0.014003,-0.012745,-0.001788,-0.022735
0.01078,-0.0095225,0.01497,-0.010167,-0.0075889,-0.032081
0.010136,-0.01339,0.016581,-0.016612,-0.010167,-0.032726
0.0094914,-0.024025,0.015937,-0.015001,0.020126,-0.029181
0.0056242,-0.025314,0.014648,-0.015001,0.047197,-0.028859
0.0094914,-0.024025,0.015292,-0.018546,0.017548,-0.028214
0.012714,-0.019513,0.016259,-0.012745,0.0024015,-0.026603
0.014325,-0.012423,0.020126,-0.014679,0.00046785,-0.025636
0.014648,-0.005333,0.018837,-0.0092002,0.0024015,-0.029181
0.0094914,-0.012101,0.01787,-0.00017668,0.020449,-0.020157
0.011747,-0.019513,0.018837,-0.0014658,0.054609,-0.02338
0.017226,-0.025958,0.02496,-0.034015,0.090059,-0.019835
0.011103,-0.029181,0.023027,-0.02628,0.08458,-0.026603
0.011747,-0.025636,0.01787,-0.017579,0.052353,-0.02338
0.016259,-0.025958,0.014648,-0.017257,0.035917,-0.021446
0.0072355,-0.028214,0.014003,-0.016612,0.033662,-0.021446
0.0072355,-0.030148,0.0062687,-0.019513,0.032372,-0.030148
0.0091691,-0.025636,0.0075578,-0.019835,0.034628,-0.030792
0.0056242,-0.025314,0.0098136,-0.017257,0.029472,-0.031114
0.0040128,-0.02628,0.014325,-0.011456,0.01497,-0.031759
0.0091691,-0.024669,0.018193,-0.0085557,-0.00017668,-0.02628
0.0059464,-0.02757,0.014003,-0.011456,-0.001788,-0.022091
0.0056242,-0.024669,0.011425,-0.014357,0.013036,-0.024347
0.014648,-0.026603,0.011747,-0.017257,0.0094914,-0.031437
0.018837,-0.019835,0.0075578,-0.013712,0.01497,-0.02757
0.013036,-0.016612,0.013359,-0.011778,0.020449,-0.029825
0.010458,-0.02048,0.019804,-0.015323,0.018837,-0.03047
0.010136,-0.021124,0.021093,-0.0085557,0.013681,-0.027892
0.0094914,-0.019835,0.016259,-0.011134,0.01207,-0.02757
0.0056242,-0.019513,0.013681,-0.01339,0.01207,-0.02757
0.0091691,-0.019835,0.015292,-0.0092002,0.019804,-0.03047
0.00788,-0.019513,0.014325,-0.012745,0.012392,-0.029181
0.00788,-0.02338,0.01207,-0.017257,0.0098136,-0.029181
0.0075578,-0.024347,0.012392,-0.02048,0.015292,-0.031114
0.0027237,-0.02628,0.017548,-0.014679,0.015614,-0.036271
0.0085246,-0.022735,0.011425,-0.017579,0.01497,-0.034015
0.013359,-0.02757,0.011103,-0.018224,0.01787,-0.035304
0.0082023,-0.026603,0.012392,-0.01629,0.020449,-0.034015
0.0072355,-0.024025,0.016904,-0.0082334,0.016259,-0.023702
0.00788,-0.021769,0.017226,-0.0098447,0.016904,-0.028214
0.0075578,-0.024669,0.02206,-0.0098447,0.018837,-0.031759
0.00788,-0.025958,0.022704,-0.013712,0.022382,-0.029825
0.0085246,-0.019191,0.019804,-0.01629,0.027216,-0.031114
0.0085246,-0.014679,0.018193,-0.02048,0.027538,-0.024025
0.015614,-0.017901,0.016904,-0.02628,0.029472,-0.019513
0.016581,-0.022413,0.011103,-0.016935,0.02496,-0.021446
0.015292,-0.019513,0.011103,-0.013067,0.01207,-0.022091
0.02206,-0.018868,0.011103,-0.015646,0.0014347,-0.023058
0.022382,-0.022413,0.014003,-0.014679,0.0072355,-0.023702
0.018515,-0.024025,0.01078,-0.01339,0.017548,-0.023702
0.019482,-0.015968,0.01497,-0.018224,0.024316,-0.021124
0.015292,-0.014679,0.022704,-0.021446,0.024638,-0.020157
0.011103,-0.019191,0.015614,-0.02048,0.033017,-0.02757
0.0091691,-0.021124,0.016581,-0.01629,0.040751,-0.032081
0.0094914,-0.024347,0.019482,-0.014679,0.039462,-0.026603
0.0072355,-0.027892,0.011425,-0.016612,0.030117,-0.024347
0.006591,-0.026603,0.014648,-0.022413,0.031083,-0.020802
0.0062687,-0.024669,0.016259,-0.016612,0.037851,-0.020802
0.010458,-0.026925,0.014648,-0.017579,0.03914,-0.021124
0.012714,-0.020157,0.023349,-0.021446,0.025605,-0.03047
0.01207,-0.02048,0.01497,-0.016612,0.033662,-0.025636
0.014648,-0.022091,0.015937,-0.019513,0.033662,-0.028536
0.01497,-0.024347,0.018193,-0.022091,0.021415,-0.024025
0.011747,-0.026603,0.016904,-0.02048,-0.014679,-0.022091
0.013681,-0.022735,0.015614,-0.021446,-0.030148,-0.025314
0.011747,-0.02757,0.018837,-0.019513,0.015937,-0.027892
0.0072355,-0.027247,0.01497,-0.014034,0.022704,-0.029825
0.0082023,-0.024025,0.016581,-0.014357,0.011747,-0.028536
0.0094914,-0.024347,0.018193,-0.015001,0.0049796,-0.028536
0.0082023,-0.022735,0.013036,-0.017257,0.011103,-0.028859
0.0094914,-0.020802,0.010136,-0.010489,0.033984,-0.023702
0.0088468,-0.02338,0.014648,-0.015323,0.027861,-0.025636
0.011425,-0.022091,0.01497,-0.018224,0.022382,-0.031114
0.013036,-0.02048,0.016904,-0.01629,0.025927,-0.029181
0.01207,-0.02338,0.014325,-0.015001,0.02206,-0.026603
0.014648,-0.025958,0.016904,-0.016612,0.023671,-0.024991
0.011425,-0.025314,0.018193,-0.018224,0.032695,-0.024025
0.019482,-0.024347,0.022382,-0.020802,0.033339,-0.032726
0.019804,-0.026603,0.017226,-0.024669,0.031083,-0.030792
0.020126,-0.02048,0.018515,-0.020157,0.03205,-0.028214
0.018515,-0.015968,0.01787,-0.020157,0.029794,-0.021769
0.014003,-0.01629,0.012714,-0.011134,0.029794,-0.023058
0.013036,-0.018868,0.018193,-0.0059775,0.036884,-0.029181
0.012392,-0.021446,0.019159,-0.021769,0.030439,-0.023702
0.011425,-0.022091,0.013681,-0.020157,0.019482,-0.028859
0.00788,-0.025636,0.014003,-0.011778,0.019159,-0.028859
0.0072355,-0.025958,0.018837,-0.016612,0.018837,-0.024025
0.010458,-0.025636,0.023671,-0.014679,0.015937,-0.032404
0.0072355,-0.027247,0.02206,-0.015323,0.012714,-0.033048
0.0059464,-0.02628,0.018193,-0.016935,0.015614,-0.025958
0.0059464,-0.026925,0.019804,-0.01339,0.015614,-0.028536
0.006591,-0.028859,0.017226,-0.014679,0.014325,-0.027247
0.0085246,-0.025958,0.013036,-0.011456,0.019804,-0.024991
0.01207,-0.023702,0.015292,-0.0095225,0.021093,-0.022735
0.012714,-0.022091,0.013681,-0.016935,0.01787,-0.022735
0.016581,-0.024025,0.014648,-0.015968,0.014648,-0.023702
0.015292,-0.024669,0.0091691,-0.013712,0.015937,-0.024669
0.013681,-0.024669,0.0094914,-0.015323,0.020126,-0.029181
0.0082023,-0.028536,0.014003,-0.01629,0.01787,-0.027247
0.0088468,-0.029503,0.013681,-0.018868,0.019804,-0.025958
0.006591,-0.018546,0.016581,-0.01629,0.020449,-0.022735
0.0046573,-0.018868,0.01787,-0.015323,0.023993,-0.029181
0.0043351,-0.02048,0.01497,-0.012423,0.015937,-0.027892
0.0062687,-0.019513,0.016259,-0.01339,0.011103,-0.022091
0.0040128,-0.024025,0.015614,-0.014679,0.0098136,-0.026603
0.0040128,-0.022735,0.012714,-0.0098447,0.012392,-0.026603
0.0085246,-0.021769,0.017226,-0.0066221,0.015292,-0.02628
0.0091691,-0.019513,0.01207,-0.01339,0.0027237,-0.028214
0.0062687,-0.019835,0.016904,-0.016935,0.0027237,-0.023702
0.012714,-0.021446,0.01787,-0.015001,0.0036905,-0.030792
0.011103,-0.025314,0.015937,-0.019191,0.0056242,-0.031437
0.0094914,-0.02338,0.011103,-0.018546,0.0069132,-0.032081
0.0088468,-0.020157,0.0085246,-0.020802,0.019159,-0.02628
0.0091691,-0.018868,0.016259,-0.021446,0.043007,-0.030148
0.0094914,-0.016612,0.021738,-0.011778,0.061377,-0.03047
0.010136,-0.017257,0.017226,-0.012101,0.063955,-0.02048
0.0088468,-0.015646,0.019804,-0.01339,0.026894,-0.019191
0.01497,-0.01339,0.018837,-0.020157,0.0085246,-0.022091
0.01207,-0.014357,0.023027,-0.015001,0.03624,-0.021446
0.012714,-0.011456,0.01497,-0.01339,0.033984,-0.028536
0.0088468,-0.010167,0.0072355,-0.019835,0.0098136,-0.02628
0.00788,-0.013067,0.011103,-0.017579,0.0036905,-0.019513
0.0059464,-0.021124,0.0094914,-0.022735,0.00046785,-0.022735
0.011103,-0.018868,0.01787,-0.02048,0.0075578,-0.028536
0.013681,-0.015646,0.022382,-0.02048,0.022704,-0.026603
0.010136,-0.017579,0.013681,-0.017257,0.040751,-0.023058
0.0085246,-0.017579,0.015614,-0.01629,0.072334,-0.025958
0.0059464,-0.017579,0.019804,-0.0075889,0.077812,-0.026603
0.0017569,-0.024025,0.019482,-0.012101,0.039462,-0.028214
0.0020792,-0.021446,0.018193,-0.010489,0.024316,-0.025958
0.0027237,-0.019191,0.016581,-0.012423,0.017226,-0.023702
0.0036905,-0.020802,0.014648,-0.0098447,0.0082023,-0.026925
0.0085246,-0.023702,0.013036,-0.012423,0.0040128,-0.031759
0.014325,-0.023058,0.015937,-0.01339,0.010458,-0.029503
0.012392,-0.025636,0.011103,-0.012101,0.011425,-0.031437
0.014003,-0.025958,0.018193,-0.017901,0.0085246,-0.026925
0.012714,-0.025314,0.015614,-0.017901,0.010458,-0.031437
0.011425,-0.025636,0.014003,-0.021769,0.014003,-0.029503
0.013359,-0.019513,0.016259,-0.024991,0.015937,-0.034015
0.013036,-0.020802,0.021738,-0.022091,0.014003,-0.026603
0.0043351,-0.024991,0.01497,-0.026603,0.012392,-0.031437
0.0082023,-0.022735,0.011425,-0.019835,0.012714,-0.035626
0.014648,-0.024347,0.017226,-0.02048,0.012392,-0.030148
0.014003,-0.03337,0.020449,-0.018224,0.006591,-0.029503
0.0098136,-0.043361,0.022382,-0.012101,0.011425,-0.033693
0.0056242,-0.043683,0.015614,-0.015968,0.018837,-0.031114
0.0088468,-0.041105,0.006591,-0.014679,0.018193,-0.031114
0.011747,-0.037238,0.0094914,-0.0040439,0.021738,-0.028214
0.018837,-0.022091,0.0062687,-0.0062998,0.01787,-0.018546
0.028183,-0.0050107,0.020126,-0.0082334,0.020771,-0.026925
0.025605,-0.0043662,0.033984,-0.0075889,0.036884,-0.031759
0.023671,-0.013067,0.043007,-0.011456,0.048164,-0.031759
0.02206,-0.01339,0.021093,-0.010489,0.025605,-0.033048
0.024638,-0.017257,0.01787,-0.017579,0.022382,-0.02628
0.021415,-0.02048,0.026572,-0.016935,0.028183,-0.030148
0.016581,-0.02048,0.016904,-0.017579,0.030439,-0.028859
0.014648,-0.022091,0.0056242,-0.014679,0.025927,-0.02628
0.014003,-0.021124,0.003046,-0.017579,0.023349,-0.02628
0.0094914,-0.022413,0.0088468,-0.016612,0.0094914,-0.02338
0.0075578,-0.024991,0.0088468,-0.017579,-0.0050107,-0.025958
0.0091691,-0.027247,0.0069132,-0.015968,-0.025636,-0.024347
0.011425,-0.025958,0.011103,-0.022735,-0.042394,-0.026925
0.0069132,-0.028536,0.013359,-0.025314,-0.0082334,-0.02757
0.0036905,-0.027892,0.012392,-0.018546,0.017548,-0.027892
0.0072355,-0.02628,0.019482,-0.017257,0.056865,-0.025314
0.010458,-0.026603,0.015292,-0.012423,0.090381,-0.016612
0.0098136,-0.023702,0.014648,-0.013712,0.095537,-0.015323
0.00788,-0.017901,0.019804,-0.021446,0.061699,-0.018546
0.012392,-0.018224,0.020771,-0.018868,0.0062687,-0.01339
0.014325,-0.019835,0.015614,-0.015646,0.00788,-0.014679
0.01207,-0.021124,0.013681,-0.016612,0.02206,-0.021124
0.0094914,-0.018546,0.012714,-0.018868,0.022382,-0.022735
0.0043351,-0.019191,0.013359,-0.011456,0.015937,-0.024991
0.0024015,-0.024669,0.015614,-0.0098447,0.011103,-0.027892
0.0062687,-0.026603,0.016904,-0.017579,0.011103,-0.029181
0.0053019,-0.024347,0.015614,-0.020157,0.011425,-0.031114
0.0024015,-0.02338,0.016259,-0.017901,0.015937,-0.025314
0.0072355,-0.02338,0.015292,-0.014034,0.018515,-0.027247
0.0056242,-0.025314,0.015292,-0.015646,0.021093,-0.031759
0.0046573,-0.023702,0.016259,-0.017579,0.031083,-0.028859
0.0014347,-0.024347,0.019159,-0.018224,0.034951,-0.022735
0.00788,-0.020157,0.019804,-0.013712,0.023027,-0.023702
0.012714,-0.022735,0.019159,-0.015968,0.025605,-0.028214
0.012714,-0.024347,0.016904,-0.015323,0.015937,-0.027247
0.016259,-0.024025,0.016259,-0.021124,0.013681,-0.028859
0.0094914,-0.019513,0.017226,-0.022413,0.015937,-0.023702
0.0094914,-0.022413,0.017548,-0.020157,0.0098136,-0.024991
0.0088468,-0.022735,0.015614,-0.019191,0.0059464,-0.02757
0.0059464,-0.019191,0.016259,-0.012745,0.0094914,-0.023058
0.011425,-0.022413,0.02206,-0.018546,0.010136,-0.02628
0.010136,-0.018546,0.013036,-0.020157,0.00788,-0.023702
0.0075578,-0.019191,0.019482,-0.012745,0.010458,-0.029825
0.0043351,-0.020802,0.01787,-0.012745,0.019159,-0.03337
0.006591,-0.02048,0.016581,-0.016612,0.034306,-0.029825
0.0082023,-0.021446,0.016904,-0.015646,0.051386,-0.032404
0.006591,-0.023702,0.013359,-0.0082334,0.057832,-0.033048
0.01078,-0.027892,0.016581,-0.010489,0.050742,-0.028859
0.011103,-0.025958,0.014003,-0.011134,0.031083,-0.02757
0.012392,-0.024347,0.014325,-0.012101,0.022382,-0.021124
0.010458,-0.024025,0.014003,-0.012423,0.024316,-0.028214
0.00788,-0.021446,0.015614,-0.016612,0.019482,-0.027247
0.00788,-0.027247,0.013359,-0.022413,0.021093,-0.023702
0.006591,-0.029503,0.014003,-0.022091,0.015614,-0.033693
0.01078,-0.024347,0.017548,-0.014357,0.010458,-0.034659
0.01497,-0.020157,0.015292,-0.013712,0.015937,-0.03047
0.0094914,-0.021124,0.011103,-0.010167,0.014648,-0.032726
0.0094914,-0.022413,0.013036,-0.014034,0.021415,-0.032404
0.0059464,-0.025314,0.013359,-0.025314,0.027538,-0.027892
0.0014347,-0.022735,0.015614,-0.026603,0.025605,-0.030792
0.003046,-0.019191,0.01787,-0.013712,0.02496,-0.03047
0.0046573,-0.023702,0.017548,-0.013067,0.027861,-0.026925
0.0094914,-0.023702,0.015614,-0.015323,0.02496,-0.028214
0.014003,-0.021769,0.012392,-0.01629,0.022382,-0.031437
0.014003,-0.019835,0.01078,-0.016612,0.012392,-0.034659
0.015937,-0.022413,0.012392,-0.018546,0.006591,-0.024991
0.016259,-0.023702,0.01207,-0.017257,-0.00082122,-0.025958
0.019482,-0.019513,0.017226,-0.01629,-0.0066221,-0.026925
0.015614,-0.018224,0.020449,-0.0092002,0.0088468,-0.025958
0.015614,-0.019835,0.016581,-0.011134,0.015292,-0.025314
0.01078,-0.018224,0.012392,-0.012423,-0.001788,-0.025958
0.010458,-0.018224,0.017226,-0.0069443,-0.0050107,-0.028859
0.012392,-0.018546,0.018193,-0.017901,-0.0014658,-0.02757
0.015292,-0.016935,0.016581,-0.018546,0.0075578,-0.022735
0.02496,-0.017579,0.01787,-0.011778,0.012714,-0.024025
0.026572,-0.021769,0.016259,-0.013067,0.017548,-0.026603
0.021093,-0.020157,0.017548,-0.017579,0.019482,-0.029503
0.020771,-0.025958,0.020126,-0.019835,0.017548,-0.022735
0.018515,-0.030792,0.021093,-0.018224,0.020771,-0.017579
0.020449,-0.024991,0.021415,-0.012745,0.042041,-0.019191
0.016581,-0.019835,0.019482,-0.014679,0.080713,-0.021769
0.015937,-0.019835,0.023993,-0.017257,0.061377,-0.027247
0.011103,-0.020157,0.02206,-0.0079111,0.045263,-0.027892
0.013036,-0.022413,0.021415,-0.010167,0.072978,-0.023702
0.01497,-0.024025,0.019159,-0.014679,0.059443,-0.021769
0.023671,-0.019835,0.015614,-0.015968,0.026249,-0.029503
0.021093,-0.02048,0.014003,-0.017579,0.025927,-0.02628
0.013681,-0.025958,0.012714,-0.023702,0.020126,-0.027247
0.0069132,-0.027892,0.0098136,-0.024669,0.014648,-0.024025
0.0091691,-0.027892,0.0082023,-0.021446,0.016259,-0.019513
0.003046,-0.024991,0.011747,-0.02048,0.016904,-0.021769
-0.001788,-0.019191,0.018837,-0.021124,0.014003,-0.023058
0.003046,-0.02048,0.020449,-0.022735,0.010136,-0.024025
0.0024015,-0.023058,0.015614,-0.022091,0.010136,-0.026925
0.0014347,-0.025314,0.0049796,-0.022091,0.01207,-0.023058
-0.0027548,-0.024991,0.012392,-0.015968,0.011425,-0.021769
-0.005333,-0.018868,0.032695,-0.01629,0.0082023,-0.024347
0.0020792,-0.020802,0.031406,-0.014357,0.00079012,-0.028214
0.0040128,-0.026925,0.00788,-0.012745,-0.0043662,-0.024669
0.012392,-0.022413,-0.0011435,-0.01629,0.0017569,-0.02338
0.010458,-0.017901,0.0017569,-0.0062998,0.0040128,-0.025636
0.010458,-0.023702,0.016259,-0.012745,0.0049796,-0.02628
0.012392,-0.02628,0.015292,-0.020157,0.0049796,-0.02628
0.01078,-0.023702,0.016581,-0.018224,0.012392,-0.02757
0.0098136,-0.024025,0.018193,-0.013712,0.020126,-0.027892
0.0072355,-0.02338,0.016581,-0.0092002,0.03914,-0.024025
0.00788,-0.023702,0.014003,-0.013712,0.056543,-0.029825
0.0036905,-0.021446,0.014003,-0.0092002,0.055576,-0.02338
0.0056242,-0.02338,0.015292,-0.011134,0.041074,-0.02338
0.01207,-0.024991,0.012392,-0.013067,0.019482,-0.02338
0.015292,-0.022091,0.017548,-0.0024326,0.0091691,-0.031759
0.01497,-0.019513,0.015292,-0.011778,0.011103,-0.026925
0.015937,-0.019191,0.015292,-0.025314,0.0036905,-0.029181
0.012392,-0.022091,0.020126,-0.011134,0.0062687,-0.033048
0.00788,-0.021446,0.023993,-0.010167,0.014648,-0.034337
0.011747,-0.027247,0.024316,-0.014679,0.028183,-0.031437
0.014003,-0.025958,0.021093,-0.017901,0.048808,-0.028859
0.011425,-0.023702,0.02206,-0.014034,0.044296,-0.025958
0.0094914,-0.017579,0.016259,-0.019513,0.028505,-0.025314
0.00788,-0.017257,0.015292,-0.023058,0.02496,-0.033048
0.0040128,-0.022735,0.014003,-0.022735,0.020126,-0.030792
0.0024015,-0.02048,0.013036,-0.015323,0.017548,-0.034015
0.0046573,-0.021446,0.014003,-0.015968,0.020771,-0.031759
0.0053019,-0.022735,0.01207,-0.024991,0.016259,-0.02628
0.0062687,-0.022735,0.018515,-0.015323,0.012392,-0.022735
0.0098136,-0.020802,0.019804,-0.016612,0.01078,-0.021769
0.0091691,-0.02048,0.013359,-0.013712,0.012714,-0.019835
0.0062687,-0.019513,0.017226,-0.024025,0.011747,-0.022413
0.010458,-0.015968,0.01497,-0.018868,0.013036,-0.024991
0.011425,-0.014679,0.013036,-0.019191,0.025605,-0.024669
0.011103,-0.018224,0.017548,-0.018546,0.042363,-0.026925
0.0094914,-0.020802,0.020771,-0.012101,0.055254,-0.02757
0.013359,-0.01629,0.018837,-0.015323,0.052031,-0.032726
0.020771,-0.015646,0.01497,-0.017579,0.038496,-0.032726
0.018515,-0.019191,0.015292,-0.020802,0.022382,-0.031114
0.019804,-0.022091,0.018515,-0.02628,0.018837,-0.032726
0.022704,-0.022413,0.016259,-0.025636,0.014003,-0.034659
0.025283,-0.024669,0.011103,-0.024669,0.017226,-0.034337
0.023349,-0.023702,0.0075578,-0.02338,0.021415,-0.030792
0.016259,-0.021769,0.0069132,-0.029503,0.021415,-0.02628
0.017548,-0.027247,0.015292,-0.027247,0.019482,-0.025636
0.014003,-0.021124,0.021415,-0.018224,0.01787,-0.032081
0.0094914,-0.016612,0.026894,-0.0021103,0.02496,-0.032081
0.011747,-0.01339,0.018193,-0.013067,0.017548,-0.022091
0.013681,-0.025314,0.01497,-0.026603,0.0088468,-0.022413
0.010136,-0.024669,0.019804,-0.020802,0.018837,-0.024991
0.0046573,-0.031759,0.011425,-0.017579,0.023349,-0.028214
0.0040128,-0.027892,0.0036905,-0.015323,0.025283,-0.026925
0.00788,-0.015646,0.018837,-0.013712,0.027216,-0.025958
0.003046,-0.017901,0.018515,-0.0072666,0.024316,-0.02338
-0.00082122,-0.023058,0.016259,-0.015001,0.015614,-0.02048
0.0011124,-0.022735,0.017548,-0.017579,-0.0050107,-0.022091
0.0082023,-0.02628,0.016904,-0.0075889,0.0043351,-0.024025
0.017226,-0.020157,0.014003,-0.010812,0.026572,-0.022091
0.019159,-0.028214,0.017548,-0.011456,0.022704,-0.024347
0.019159,-0.027892,0.01787,-0.0092002,-0.012101,-0.025958
0.014325,-0.025636,0.019159,-0.0088779,-0.028214,-0.023058
0.0082023,-0.024991,0.019159,-0.0043662,0.0082023,-0.023702
0.0088468,-0.023702,0.014325,-0.015323,0.021738,-0.025314
0.0085246,-0.029181,0.01207,-0.012101,0.019804,-0.024991
0.0098136,-0.025314,0.016581,-0.011456,0.021738,-0.023702
0.012714,-0.025314,0.016581,-0.01339,0.027216,-0.02338
0.011103,-0.021769,0.010136,-0.014357,0.027861,-0.022735
0.011425,-0.021769,0.014325,-0.016612,0.018837,-0.023702
0.01078,-0.024025,0.020126,-0.019191,0.018193,-0.026925
0.010458,-0.028214,0.015937,-0.016612,0.020771,-0.022735
0.010136,-0.024669,0.016581,-0.011134,0.018837,-0.031759
0.00788,-0.024347,0.020771,-0.01339,0.020126,-0.033048
0.0062687,-0.022413,0.017226,-0.01339,0.026894,-0.032081
0.0059464,-0.019835,0.01787,-0.015001,0.026572,-0.034982
0.0082023,-0.020802,0.016259,-0.01629,0.03205,-0.034982
0.01207,-0.024025,0.011425,-0.016935,0.030439,-0.034982
0.0088468,-0.025314,0.014325,-0.015001,0.026572,-0.02757
0.0082023,-0.021769,0.01787,-0.0021103,0.030439,-0.029503
0.0036905,-0.023058,0.0091691,-0.017579,0.032695,-0.03047
0.0085246,-0.024025,0.0094914,-0.025958,0.029472,-0.019513
0.00788,-0.020157,0.015614,-0.024669,0.028827,-0.025958
0.0059464,-0.017257,0.012714,-0.02628,0.025605,-0.028536
0.00046785,-0.02338,0.016259,-0.018546,0.02915,-0.029503
0.003046,-0.028214,0.011425,-0.018868,0.028505,-0.033048
0.0046573,-0.028214,0.015292,-0.020157,0.017548,-0.029181
0.006591,-0.025958,0.017548,-0.018868,0.020771,-0.027247
0.010458,-0.020802,0.018515,-0.01629,0.019159,-0.02757
0.016904,-0.021446,0.017548,-0.013067,0.016581,-0.021124
0.019159,-0.016612,0.018837,-0.014357,0.016259,-0.021124
0.022704,-0.018224,0.018837,-0.017257,0.023993,-0.02338
0.023349,-0.021446,0.020449,-0.0069443,0.024316,-0.025958
0.016581,-0.022413,0.015614,-0.010167,0.027216,-0.025636
0.015614,-0.019513,0.017548,-0.010812,0.033984,-0.02338
0.016259,-0.018868,0.017548,-0.0095225,0.037206,-0.023058
0.014648,-0.02048,0.016581,-0.018868,0.022704,-0.025636
0.01497,-0.018224,0.015614,-0.016935,0.0040128,-0.024669
0.015614,-0.02338,0.015937,-0.018224,0.013359,-0.022091
0.015292,-0.023058,0.017226,-0.022091,0.02206,-0.026603
0.013359,-0.020157,0.016904,-0.017579,0.018193,-0.02628
0.0098136,-0.016612,0.013036,-0.015001,0.019804,-0.027247
0.0088468,-0.019513,0.015937,-0.016612,0.022704,-0.025314
0.0088468,-0.022413,0.015614,-0.015323,0.012392,-0.021769
0.0072355,-0.020802,0.01207,-0.017901,0.00079012,-0.025636
0.01497,-0.02338,0.013681,-0.015968,-0.0095225,-0.028214
0.010136,-0.02048,0.01497,-0.015646,-0.015968,-0.02628
0.011425,-0.020157,0.014003,-0.018546,0.012714,-0.029503
0.014648,-0.019513,0.016259,-0.012423,0.065566,-0.02757
0.014648,-0.019513,0.020126,-0.014357,0.052031,-0.02757
0.011747,-0.022413,0.015292,-0.022091,0.038818,-0.025958
0.00788,-0.021446,0.019159,-0.021124,0.037851,-0.021124
0.0024015,-0.024025,0.013359,-0.018868,0.038173,-0.022091
0.0017569,-0.021446,0.01207,-0.010489,0.029472,-0.024347
0.0024015,-0.021446,0.015292,-0.013067,0.02206,-0.028536
0.0024015,-0.018868,0.025605,-0.013067,0.016904,-0.035304
0.012392,-0.012745,0.019159,-0.012423,0.00079012,-0.032081
0.011747,-0.014034,0.022382,-0.015968,-0.0050107,-0.025958
0.01207,-0.022735,0.015614,-0.022735,-0.0085557,-0.028536
0.0082023,-0.018868,0.0085246,-0.01629,-0.0079111,-0.030792
0.0075578,-0.020157,0.012392,-0.01339,0.0011124,-0.031114
0.0091691,-0.02338,0.015614,-0.021124,0.016581,-0.028214
0.0091691,-0.021124,0.019482,-0.018224,0.034306,-0.037238
0.0069132,-0.02628,0.021093,-0.0079111,0.035917,-0.029181
0.0053019,-0.024669,0.017226,-0.0079111,0.043007,-0.02628
0.012714,-0.023702,0.020771,-0.011456,0.055254,-0.02757
0.014003,-0.024025,0.020126,-0.0050107,0.055898,-0.019513
0.0072355,-0.026925,0.017548,-0.0082334,0.074912,-0.02048
0.0082023,-0.024025,0.018515,-0.0062998,0.064922,-0.017257
0.011425,-0.025314,0.019804,-0.01339,0.023349,-0.02338
0.014003,-0.02757,0.015292,-0.016612,0.01078,-0.031114
0.01207,-0.026603,0.013036,-0.021124,0.0082023,-0.026925
0.014003,-0.022413,0.01497,-0.023058,0.019159,-0.033048
0.017226,-0.021446,0.016581,-0.017901,0.017226,-0.027892
0.018193,-0.024025,0.017226,-0.012745,0.018837,-0.031114
0.0088468,-0.02628,0.01787,-0.028536,0.021738,-0.024025
0.0082023,-0.023702,0.020771,-0.035949,0.0069132,-0.025314
0.015937,-0.025636,0.015292,-0.024669,0.0027237,-0.028214
0.010458,-0.024991,0.012392,-0.025636,-0.012745,-0.030792
0.0056242,-0.024347,0.0088468,-0.03047,-0.021446,-0.034337
0.0053019,-0.024669,0.0082023,-0.025314,-0.029181,-0.024669
0.011747,-0.022735,0.013681,-0.018546,-0.040783,-0.033693
0.0088468,-0.024669,0.011425,-0.020802,-0.047228,-0.038204
0.0088468,-0.026603,0.0075578,-0.014679,-0.044327,-0.026603
0.011747,-0.022413,0.010458,-0.01339,-0.019191,-0.026925
0.012392,-0.024991,0.018515,-0.0037216,0.0014347,-0.020802
0.020449,-0.021769,0.012714,0.006591,0.048486,-0.014679
0.018515,-0.019191,0.016581,0.01078,0.12905,-0.015001
0.01787,-0.015646,0.020771,0.0027237,0.17933,-0.014034
0.020126,-0.021769,0.029472,-0.0027548,0.15065,-0.018868
0.019482,-0.029825,0.023027,-0.0082334,0.11423,-0.019191
0.020126,-0.019835,0.016904,-0.01339,0.076201,-0.022413
0.014648,-0.015646,0.016904,-0.015001,0.026894,-0.025314
0.013036,-0.019191,0.016259,-0.019191,0.016904,-0.030148
0.013681,-0.020802,0.015614,-0.022735,0.0075578,-0.026603
0.011425,-0.018868,0.014325,-0.022091,0.003046,-0.029503
0.015292,-0.015323,0.011747,-0.022735,0.00046785,-0.031114
0.01078,-0.017579,0.011747,-0.021124,-0.0040439,-0.023702
0.0085246,-0.020157,0.015614,-0.022413,-0.0027548,-0.025314
0.01207,-0.021124,0.01497,-0.024669,0.0020792,-0.030148
0.011103,-0.024347,0.016581,-0.024991,-0.00082122,-0.027892
0.011103,-0.025636,0.014003,-0.025958,-0.00082122,-0.027892
0.0072355,-0.024669,0.015292,-0.027247,0.0024015,-0.032081
0.0036905,-0.022413,0.017548,-0.02048,0.00014558,-0.031759
0.0014347,-0.022735,0.021093,-0.018224,0.00014558,-0.026603
-0.00049895,-0.021446,0.018515,-0.025314,0.003046,-0.02757
-0.0050107,-0.020157,0.019804,-0.027892,0.0053019,-0.030148
-0.0027548,-0.017257,0.018837,-0.02628,0.0072355,-0.024025
-0.0021103,-0.018546,0.020771,-0.020802,0.0082023,-0.025636
0.006591,-0.021446,0.015937,-0.020802,0.012392,-0.026603
0.0091691,-0.021124,0.012392,-0.018546,0.0082023,-0.024347
0.0085246,-0.028859,0.01078,-0.018868,0.018515,-0.025958
0.0049796,-0.028214,0.016904,-0.021124,0.024316,-0.029503
0.0069132,-0.029181,0.015937,-0.0095225,0.029794,-0.029825
0.012392,-0.033048,0.0069132,-0.0092002,0.021415,-0.028214
0.013681,-0.034659,0.00788,-0.012101,-0.015968,-0.02628
0.00788,-0.037238,0.016259,-0.011456,-0.022735,-0.029825
0.0062687,-0.034337,0.014325,-0.012423,0.014003,-0.03047
0.0085246,-0.02628,0.015937,-0.0088779,0.015614,-0.026603
0.006591,-0.017579,-0.00017668,-0.0050107,0.019804,-0.031437
0.0082023,-0.00017668,0.013681,0.0082023,0.023671,-0.037882
0.011425,-0.0088779,0.023993,-0.0037216,0.025283,-0.035304
0.018837,-0.012423,0.017548,-0.0066221,0.029794,-0.030792
0.021415,-0.017579,0.018193,-0.0059775,0.031083,-0.024991
0.019482,-0.019835,0.018193,-0.012423,0.035917,-0.027892
0.016581,-0.018224,0.017548,-0.0056553,0.034628,-0.024669
0.015937,-0.022735,0.011103,-0.010812,0.036884,-0.021769
0.014003,-0.019513,0.0085246,-0.012101,0.037206,-0.024347
0.016581,-0.021124,0.0088468,-0.015968,0.036884,-0.022413
0.015614,-0.019191,0.013036,-0.018546,0.034628,-0.021124
0.0072355,-0.018546,0.011103,-0.015968,0.025927,-0.020157
0.012392,-0.023702,0.014325,-0.019835,0.029472,-0.015001
0.014003,-0.028214,0.013681,-0.018546,0.030117,-0.013712
0.011425,-0.029825,0.016904,-0.0092002,0.028505,-0.020157
0.010136,-0.02628,0.01078,-0.018546,0.028505,-0.022413
0.0033683,-0.020802,0.0091691,-0.011778,0.029472,-0.02338
-0.00082122,-0.023702,0.01497,-0.011134,0.02206,-0.025314
0.0072355,-0.027892,0.016904,-0.018546,0.018515,-0.031114
0.01078,-0.029503,0.01787,-0.023058,0.021738,-0.025314
0.01078,-0.028214,0.014003,-0.022091,0.025927,-0.027247
0.0043351,-0.026925,0.0088468,-0.02048,0.021415,-0.030148
0.0059464,-0.023702,0.010458,-0.016935,0.022382,-0.03337
0.011425,-0.021446,0.020126,-0.011456,0.023349,-0.031114
0.010458,-0.025636,0.019159,-0.015323,0.021093,-0.029181
0.0085246,-0.023702,0.022704,-0.016612,0.021738,-0.034337
0.010458,-0.024991,0.023349,-0.016935,0.019482,-0.031437
0.012714,-0.024347,0.021415,-0.010812,0.022382,-0.028859
0.014325,-0.017579,0.021738,-0.013067,0.018193,-0.022091
0.016259,-0.018546,0.018515,-0.029825,0.016904,-0.025636
0.01497,-0.023058,0.025283,-0.026925,0.023671,-0.024347
0.015292,-0.022735,0.021738,-0.024025,0.023027,-0.018546
0.013681,-0.019191,0.018193,-0.018546,0.023993,-0.018868
0.0098136,-0.021446,0.018515,-0.016612,0.019482,-0.023058
0.0091691,-0.02048,0.021738,-0.014034,0.014325,-0.030148
0.0062687,-0.019191,0.017548,-0.012101,0.02206,-0.028214
0.0033683,-0.022091,0.015614,-0.011456,0.023993,-0.027247
0.0014347,-0.022091,0.012714,-0.01629,0.01787,-0.026603
0.0046573,-0.020157,0.011103,-0.018546,0.011747,-0.026925
0.01207,-0.020157,0.013036,-0.014034,0.016904,-0.030792
0.01207,-0.016612,0.019159,-0.012423,0.019159,-0.021769
0.014648,-0.018546,0.024316,-0.010167,0.016581,-0.022413
0.023993,-0.02048,0.019804,-0.013712,0.015614,-0.028214
0.02206,-0.021769,0.015614,-0.015968,0.020126,-0.029181
0.019159,-0.024347,0.022382,-0.015323,0.023671,-0.025314
0.017548,-0.020157,0.012714,-0.011134,0.010136,-0.027892
0.014003,-0.021769,0.0072355,-0.0056553,0.012392,-0.02628
0.010458,-0.018546,0.0072355,-0.010812,0.015937,-0.026925
0.01078,-0.02048,0.015292,-0.029825,0.0059464,-0.02628
0.012392,-0.024025,0.015937,-0.025636,0.0053019,-0.029503
0.0043351,-0.021124,0.016904,-0.021124,0.016581,-0.033048
0.0069132,-0.026603,0.015614,-0.024991,0.028827,-0.032081
0.013036,-0.024991,0.011425,-0.024025,0.042041,-0.030148
0.006591,-0.021124,0.018515,-0.018546,0.050742,-0.033048
0.0043351,-0.022735,0.019482,-0.015646,0.036884,-0.030148
0.011103,-0.016612,0.02206,-0.014357,0.010136,-0.022091
0.011425,-0.012423,0.020126,-0.014679,-0.005333,-0.026603
0.014325,-0.016935,0.019159,-0.01339,-0.00049895,-0.030792
0.015292,-0.018224,0.015292,-0.016612,0.039785,-0.031114
0.011103,-0.024669,0.02206,-0.013712,0.062666,-0.035949
0.016904,-0.02628,0.015937,-0.016935,0.033339,-0.028859
0.012714,-0.023702,0.0091691,-0.015323,0.022704,-0.026925
0.01207,-0.021446,0.0017569,-0.010489,0.018837,-0.030148
0.013359,-0.019191,0.0017569,-0.016612,0.025927,-0.030792
0.0062687,-0.018868,0.0049796,-0.015323,0.034306,-0.035304
0.0059464,-0.018546,0.0098136,-0.01629,0.041074,-0.025314
0.0049796,-0.021124,0.031083,-0.015323,0.035273,-0.024347
0.010458,-0.019835,0.052031,-0.0092002,0.021415,-0.026925
0.0069132,-0.019835,0.042363,-0.0037216,0.010136,-0.025314
0.00079012,-0.023058,0.019159,-0.0027548,0.015614,-0.023058
0.0024015,-0.020802,0.019482,-0.012423,0.015937,-0.026603
0.0040128,-0.025958,0.020449,-0.021446,0.010136,-0.024991
0.0075578,-0.025636,0.016259,-0.013712,0.011103,-0.023058
0.006591,-0.024669,0.013036,-0.019513,0.015292,-0.021446
0.0085246,-0.029181,0.01787,-0.024669,0.018515,-0.022091
0.01078,-0.028536,0.020126,-0.027247,0.01787,-0.023702
0.011747,-0.027892,0.016904,-0.023058,0.013681,-0.02338
0.01078,-0.02628,0.010136,-0.015968,0.015614,-0.020802
0.010458,-0.025636,0.0091691,-0.015968,0.01787,-0.019835
0.011747,-0.024025,0.011747,-0.018868,0.016581,-0.02338
0.015614,-0.023702,0.01207,-0.016612,0.016259,-0.025958
0.021415,-0.022091,0.0046573,-0.024025,0.015614,-0.027247
0.016259,-0.022413,0.0049796,-0.019191,0.016904,-0.02757
0.014325,-0.022091,0.011747,-0.021124,0.016904,-0.030792
0.012714,-0.017257,0.011747,-0.017901,0.018515,-0.030148
0.0056242,-0.021446,0.016581,-0.016612,0.018193,-0.031437
0.0056242,-0.022735,0.013681,-0.010167,0.01497,-0.029181
0.011103,-0.024991,0.016259,-0.012101,0.011747,-0.025958
0.0091691,-0.028859,0.016259,-0.018224,0.0082023,-0.03047
0.0072355,-0.025958,0.011103,-0.016612,0.00788,-0.028536
0.0075578,-0.025958,0.021738,-0.013067,0.0033683,-0.025314
0.0075578,-0.025636,0.025283,-0.014357,0.011425,-0.028214
0.0091691,-0.017901,0.011103,-0.015968,0.018837,-0.028859
0.0088468,-0.022091,0.0053019,-0.015323,0.025605,-0.022735
0.012714,-0.024991,0.015292,-0.019835,0.03624,-0.025958
0.016259,-0.021769,0.010136,-0.018546,0.038818,-0.03047
0.01787,-0.02338,0.015292,-0.014679,0.031728,-0.029503
0.019482,-0.026603,0.017548,-0.020157,0.028505,-0.026603
0.015292,-0.025958,0.015614,-0.016612,0.024638,-0.029181
0.016259,-0.022091,0.01207,-0.014357,0.012714,-0.027247
0.01497,-0.022735,0.01207,-0.014679,0.0056242,-0.022735
0.015614,-0.023702,0.014648,-0.013067,0.024316,-0.020802
0.015937,-0.014357,0.019482,-0.010489,0.024638,-0.023058
0.015614,-0.020802,0.017548,-0.01339,-0.0037216,-0.025636
0.015937,-0.018546,0.011747,-0.015323,-0.023702,-0.029503
0.010136,-0.023058,0.013681,-0.016935,-0.0043662,-0.026603
0.013036,-0.021124,0.01787,-0.017579,0.026572,-0.029503
0.012714,-0.020802,0.016259,-0.016612,0.054931,-0.029181
0.012392,-0.029825,0.018837,-0.013712,0.078779,-0.03337
0.012392,-0.032726,0.013036,-0.0098447,0.097148,-0.026925
0.01078,-0.029825,0.015614,-0.0088779,0.093603,-0.021124
0.003046,-0.024991,0.022704,-0.012423,0.051386,-0.020157
0.0027237,-0.020802,0.02206,-0.014357,-0.019513,-0.020802
0.0069132,-0.019191,0.026572,-0.014034,-0.0046884,-0.022413
0.00788,-0.016612,0.023027,-0.017579,0.036562,-0.027892
0.0085246,-0.015646,0.022382,-0.020157,0.028505,-0.025314
0.00788,-0.020157,0.021093,-0.023058,0.024638,-0.022735
0.0075578,-0.016612,0.014648,-0.017579,0.02496,-0.024991
0.0094914,-0.0088779,0.012714,-0.018224,0.021738,-0.023702
0.0056242,-0.01339,0.014325,-0.019513,0.023349,-0.028536
0.0059464,-0.022091,0.012714,-0.025636,0.020771,-0.032726
0.01207,-0.023058,0.011425,-0.015323,0.018515,-0.029825
0.0072355,-0.022735,0.014325,-0.014679,0.016259,-0.030148
0.003046,-0.024669,0.013681,-0.016612,0.016904,-0.029503
0.016581,-0.02628,0.014325,-0.017901,0.018837,-0.02757
0.017226,-0.024991,0.015614,-0.019513,0.0098136,-0.025636
0.015292,-0.022735,0.0098136,-0.018868,-0.017901,-0.025958
0.013036,-0.021769,0.016904,-0.012423,-0.020802,-0.028214
0.010136,-0.019191,0.015937,-0.011778,0.0082023,-0.031114
0.011425,-0.020157,0.012714,-0.014357,0.0056242,-0.030148
0.01207,-0.025636,0.021093,-0.014034,-0.0011435,-0.029181
0.018837,-0.024347,0.015292,-0.017579,0.0036905,-0.025958
0.016259,-0.023058,0.019482,-0.017579,0.0069132,-0.031437
0.0059464,-0.024347,0.019159,-0.022091,0.012714,-0.028859
0.0062687,-0.019513,0.015614,-0.024991,0.031728,-0.028859
0.0020792,-0.016935,0.014003,-0.020157,0.050742,-0.028536
0.0020792,-0.017579,0.0094914,-0.017579,0.050097,-0.021446
0.0056242,-0.017257,0.011103,-0.017579,0.035273,-0.021124
0.011747,-0.020157,0.011747,-0.017901,0.03205,-0.020157
0.0088468,-0.018546,0.013036,-0.018224,0.030117,-0.02338
0.00788,-0.020802,0.01207,-0.018224,0.025927,-0.021769
0.006591,-0.021769,0.012392,-0.014679,0.024316,-0.022091
0.0046573,-0.021446,0.011425,-0.0079111,0.022704,-0.028214
0.0017569,-0.024025,0.011747,-0.011778,0.025605,-0.027247
0.0036905,-0.02048,0.016259,-0.014679,0.023027,-0.02338
0.0082023,-0.02048,0.016581,-0.017901,0.01787,-0.022413
0.014325,-0.024025,0.016581,-0.019835,0.012714,-0.030792
0.0091691,-0.025958,0.015614,-0.018224,0.011747,-0.031759
0.01078,-0.021446,0.018193,-0.01629,0.00788,-0.029503
0.01207,-0.021124,0.019482,-0.014034,0.0062687,-0.029825
0.012714,-0.025636,0.022382,-0.0079111,0.01207,-0.024025
0.013681,-0.025314,0.019804,0.010458,0.030761,-0.027247
0.012714,-0.018224,0.01497,-0.018224,0.037206,-0.018868
0.0072355,-0.024025,0.018837,-0.020157,0.023993,-0.024991
0.0036905,-0.026925,0.018837,-0.019513,0.03205,-0.028536
0.01078,-0.025636,0.018515,-0.019513,0.025283,-0.021769
0.01078,-0.02628,0.020449,-0.02048,0.018193,-0.024991
0.0085246,-0.027247,0.021738,-0.015323,0.018837,-0.028536
0.010458,-0.027892,0.016581,-0.013712,0.018193,-0.028859
0.016259,-0.025314,0.011747,-0.017901,0.013681,-0.029181
0.018837,-0.025636,0.015937,-0.017579,0.021415,-0.037882
0.021093,-0.020802,0.018515,-0.012423,0.022382,-0.033693
0.018193,-0.020802,0.023349,-0.017901,0.021093,-0.029825
0.014648,-0.018546,0.010458,-0.015968,0.019482,-0.027247
0.011103,-0.021124,0.0040128,-0.014034,0.033017,-0.028536
0.015292,-0.019835,0.018193,-0.018224,0.033662,-0.026925
0.011103,-0.023702,0.013036,-0.016935,0.024638,-0.024025
0.014325,-0.024991,0.017548,-0.0098447,0.02496,-0.02628
0.019804,-0.020802,0.012392,-0.018546,0.019804,-0.025958
0.018837,-0.022413,0.012392,-0.011456,0.016904,-0.022091
0.018515,-0.023702,0.012392,-0.013067,0.016904,-0.020157
0.015937,-0.019835,0.016259,-0.017257,0.021415,-0.021769
0.014325,-0.022091,0.020126,-0.022091,0.018193,-0.026925
0.013036,-0.024025,0.017226,-0.019835,0.019159,-0.025636
0.016259,-0.019513,0.011747,-0.016612,0.019482,-0.027247
0.016581,-0.017257,0.016259,-0.019191,0.023027,-0.02628
0.014325,-0.019513,0.016259,-0.01629,0.021738,-0.03337
0.015292,-0.020157,0.013681,-0.017257,0.020126,-0.02757
0.013036,-0.024347,0.012714,-0.019191,0.020449,-0.022091
0.010136,-0.024347,0.016904,-0.015001,0.020449,-0.020157
0.010458,-0.024347,0.021093,-0.0082334,0.018837,-0.019191
0.0040128,-0.026925,0.019159,-0.014357,0.019482,-0.020802
0.00046785,-0.026603,0.016581,-0.010812,0.022382,-0.026925
-0.00082122,-0.022091,0.019482,-0.0043662,0.027216,-0.025314
-0.0050107,-0.023058,0.013359,-0.017579,0.028827,-0.028859
-0.005333,-0.025314,0.016581,-0.019191,0.01787,-0.030792
-0.0014658,-0.021446,0.019804,-0.01339,0.013681,-0.03337
-0.00017668,-0.02628,0.017226,-0.01339,0.012714,-0.034982
0.0056242,-0.031759,0.018515,-0.014034,0.021738,-0.036271
0.0091691,-0.022413,0.021738,-0.011134,0.026249,-0.034015
0.012714,-0.019513,0.020126,-0.02628,0.024638,-0.031759
0.014325,-0.024669,0.016581,-0.026925,0.020449,-0.035949
0.016259,-0.02048,0.014003,-0.018868,0.023027,-0.034982
0.017226,-0.024991,0.011103,-0.019513,0.027538,-0.032081
0.013681,-0.03337,0.010458,-0.019835,0.032372,-0.029825
0.014648,-0.03047,0.013681,-0.017579,0.029794,-0.03337
0.0085246,-0.026925,0.017548,-0.013067,0.028827,-0.030792
0.010136,-0.023702,0.014648,-0.015646,0.020771,-0.038204
0.01207,-0.018546,0.02206,-0.014679,0.0027237,-0.03047
0.011747,-0.0043662,0.020126,-0.015001,-0.015646,-0.019513
0.016904,0.0014347,0.019159,-0.0098447,-0.0092002,-0.025958
0.016581,-0.0033994,0.020771,-0.0085557,0.037851,-0.025636
0.015614,-0.017257,0.0072355,-0.01339,0.066855,-0.023058
0.01787,-0.024347,0.017226,-0.0088779,0.042363,-0.024025
0.016904,-0.02628,0.015614,-0.01339,0.029472,-0.019513
0.0062687,-0.021769,0.01207,-0.01629,0.020126,-0.024669
0.0059464,-0.021446,0.017548,-0.01339,0.019482,-0.024025
0.0082023,-0.022735,0.015937,-0.018868,0.020126,-0.026925
0.0088468,-0.024669,0.018193,-0.018546,0.016581,-0.025958
0.0085246,-0.024347,0.013036,-0.015001,0.017548,-0.030792
0.0059464,-0.02628,0.017548,-0.017257,0.01787,-0.024347
0.0059464,-0.028536,0.01787,-0.017257,0.017548,-0.022413
0.0040128,-0.028214,0.0094914,-0.015646,0.011425,-0.022091
0.0082023,-0.026603,0.012392,-0.014357,0.013359,-0.020802
0.0043351,-0.02757,0.016904,-0.023058,0.014648,-0.023702
0.0049796,-0.025314,0.022382,-0.022735,0.015614,-0.025636
0.0059464,-0.02338,0.016904,-0.01629,0.017226,-0.025314
0.006591,-0.02628,0.020771,-0.018546,0.019804,-0.023058
0.013036,-0.021124,0.018837,-0.016935,0.019159,-0.025958
0.01207,-0.015646,0.018837,-0.020157,0.016904,-0.026603
0.0059464,-0.019513,0.023349,-0.024025,0.016904,-0.030148
0.012392,-0.021769,0.019159,-0.018224,0.015292,-0.026603
0.01497,-0.020157,0.012714,-0.015646,0.019482,-0.02628
0.0072355,-0.022091,0.014003,-0.015646,0.021415,-0.024025
0.010458,-0.022413,0.0091691,-0.013067,0.018837,-0.024669
0.011103,-0.014357,0.0098136,-0.015646,0.016581,-0.025636
0.011425,-0.01339,0.014003,-0.022091,0.013681,-0.027247
0.013681,-0.017579,0.014003,-0.014679,0.018515,-0.02757
0.013359,-0.018224,0.013681,-0.016935,0.014325,-0.024669
0.012714,-0.018868,0.014648,-0.022091,0.013681,-0.020802
0.014003,-0.019191,0.017548,-0.018546,0.0091691,-0.018868
0.01207,-0.026603,0.018193,-0.017579,0.012714,-0.022091
0.0082023,-0.027892,0.019159,-0.020157,0.014003,-0.022735
0.0049796,-0.027247,0.017226,-0.020157,0.021738,-0.026603
0.0062687,-0.028859,0.013036,-0.018224,0.038818,-0.032404
0.014003,-0.028536,0.010136,-0.01339,0.062021,-0.03047
0.011425,-0.024025,0.020126,-0.010812,0.070722,-0.023702
0.0094914,-0.028214,0.018193,-0.013067,0.052353,-0.028536
0.015614,-0.021124,0.015292,-0.0072666,0.01207,-0.027892
0.018837,-0.017901,0.017226,-0.005333,-0.018546,-0.02628
0.019159,-0.02048,0.016581,-0.014679,-0.030148,-0.02628
0.017226,-0.019835,0.011425,-0.017901,0.00079012,-0.02757
0.013359,-0.022091,0.013681,-0.015323,0.033017,-0.023702
0.01207,-0.022091,0.015614,-0.010812,0.061377,-0.02628
0.012714,-0.022735,0.016904,-0.014034,0.059765,-0.031437
0.015937,-0.019191,0.019159,-0.012423,0.02496,-0.031437
0.013681,-0.020157,0.014003,-0.016935,0.0098136,-0.02628
0.011103,-0.024347,0.01078,-0.022413,0.015292,-0.025636
0.016581,-0.025636,0.014003,-0.014357,0.010458,-0.024025
0.017548,-0.025636,0.013359,-0.014357,0.018515,-0.024991
0.012714,-0.024025,0.020126,-0.014034,0.022382,-0.024669
0.0098136,-0.024347,0.017226,-0.012423,0.019482,-0.019513
0.0046573,-0.023702,0.014003,-0.015646,0.019159,-0.023058
0.003046,-0.027247,0.017548,-0.020802,0.027538,-0.028214
0.0033683,-0.026925,0.01787,-0.018546,0.027538,-0.024025
0.0088468,-0.020802,0.013681,-0.018868,0.029472,-0.023702
0.01078,-0.022413,0.018837,-0.019835,0.031728,-0.028214
0.014003,-0.026603,0.016259,-0.015323,0.02915,-0.02757
0.006591,-0.025636,0.010136,-0.021769,0.023671,-0.02338
0.0072355,-0.022413,0.012392,-0.017257,0.024316,-0.028859
0.0036905,-0.02338,0.014325,-0.014357,0.020126,-0.028536
0.0053019,-0.021769,0.013681,-0.018868,0.01787,-0.021769
0.00788,-0.019191,0.01497,-0.017579,0.021415,-0.022735
0.011747,-0.019835,0.01787,-0.01339,0.020126,-0.030792
0.01497,-0.019835,0.01497,-0.024991,0.015292,-0.032404
0.01787,-0.021124,0.013681,-0.024025,0.018515,-0.03047
0.013681,-0.017257,0.01207,-0.01629,0.017548,-0.025636
0.0098136,-0.015646,0.01207,-0.015323,0.015614,-0.035949
0.012392,-0.019191,0.01207,-0.011456,0.01787,-0.034015
0.016259,-0.019835,0.014648,-0.00017668,0.026572,-0.025636
0.019159,-0.019835,0.012392,-0.019191,0.017226,-0.029181
0.01497,-0.025314,0.011425,-0.03337,0.015937,-0.029181
0.01207,-0.02628,0.010136,-0.03337,0.021093,-0.029503
0.0056242,-0.021446,0.011425,-0.028859,0.015614,-0.028859
0.0091691,-0.021446,0.015292,-0.01629,0.013359,-0.024991
0.0088468,-0.023058,0.019804,-0.0095225,0.018515,-0.02338
-0.00049895,-0.020802,0.028505,-0.0079111,0.027538,-0.021124
0.003046,-0.020802,0.022704,-0.028214,0.022704,-0.019513
0.00788,-0.019513,0.019804,-0.022735,0.013681,-0.02338
0.006591,-0.022735,0.016581,-0.021446,0.013359,-0.028859
0.0053019,-0.024347,0.015937,-0.017901,0.020771,-0.02757
0.0062687,-0.021769,0.013036,-0.013067,0.021738,-0.03337
0.0072355,-0.019835,0.016904,-0.011134,0.020771,-0.026925
0.01078,-0.019835,0.019482,-0.0082334,0.020771,-0.029181
0.0053019,-0.022091,0.018837,-0.0072666,0.020449,-0.026925
0.0056242,-0.023058,0.015937,-0.0098447,0.020449,-0.022413
0.0043351,-0.021769,0.0088468,-0.011778,0.022704,-0.025636
0.0094914,-0.018224,-0.001788,-0.0092002,0.02206,-0.018546
0.0094914,-0.02048,0.00079012,-0.011456,0.023349,-0.016612
0.0062687,-0.028536,0.0094914,-0.010489,0.025283,-0.024669
0.0062687,-0.031759,0.011747,-0.010167,0.028505,-0.02048
0.0017569,-0.02628,0.031406,-0.012423,0.023349,-0.021769
0.0085246,-0.023058,0.058154,-0.0072666,0.018193,-0.02757
0.0059464,-0.024669,0.041074,-0.0095225,0.0088468,-0.032404
0.011747,-0.01339,0.012714,-0.019513,0.0062687,-0.035304
0.017548,-0.0050107,-0.0024326,-0.013712,0.015937,-0.034337
0.020126,-0.014034,0.0091691,-0.0062998,0.020126,-0.02757
0.02496,-0.015968,0.021093,-0.010812,0.0043351,-0.028214
0.020449,-0.015323,0.017226,-0.018224,0.003046,-0.036271
0.020126,-0.024347,0.01497,-0.015323,0.028505,-0.03756
0.017548,-0.025314,0.020126,-0.012423,0.044941,-0.034015
0.017548,-0.021769,0.019159,-0.010489,0.032695,-0.030792
0.013359,-0.017901,0.019482,-0.016935,0.018515,-0.029181
0.016581,-0.016935,0.019804,-0.019191,0.041396,-0.03047
0.017548,-0.022735,0.014325,-0.019191,0.0704,-0.027247
0.0091691,-0.025314,0.016581,-0.012745,0.041718,-0.022735
0.0072355,-0.020157,0.014648,-0.015968,0.024638,-0.027892
0.011425,-0.017901,0.016904,-0.014357,0.016904,-0.031437
0.0082023,-0.024025,0.020771,-0.019835,0.022704,-0.029181
0.0046573,-0.024669,0.017548,-0.024347,0.016904,-0.02757
0.006591,-0.025314,0.019482,-0.019191,0.01497,-0.03047
0.0043351,-0.026925,0.018837,-0.017579,0.014325,-0.026603
0.0040128,-0.028536,0.0082023,-0.02048,0.013681,-0.02757
0.0020792,-0.031759,0.013359,-0.022091,0.014003,-0.03047
0.0072355,-0.031437,0.015292,-0.019513,0.010136,-0.028214
0.0091691,-0.030148,0.014648,-0.018546,0.01207,-0.023702
0.01078,-0.031437,0.015292,-0.018546,0.0069132,-0.026603
0.011103,-0.028536,0.011103,-0.019835,0.0059464,-0.028214
0.015292,-0.023058,0.013359,-0.020157,0.01078,-0.029503
0.013036,-0.020802,0.011425,-0.017257,0.015292,-0.030148
0.012392,-0.026925,0.013036,-0.019835,0.022382,-0.023702
0.015292,-0.024025,0.01497,-0.02048,0.015937,-0.020157
0.017226,-0.02048,0.01787,-0.017257,0.017548,-0.02048
0.01787,-0.02338,0.011103,-0.014679,0.024316,-0.021769
0.017548,-0.023702,0.016259,-0.015646,0.02206,-0.022413
0.01787,-0.025314,0.017548,-0.017901,0.019159,-0.02628
0.015614,-0.024669,0.014325,-0.015323,0.021415,-0.029181
0.015614,-0.02628,0.013681,-0.015646,0.023027,-0.024025
0.014003,-0.021769,0.014003,-0.018546,0.016904,-0.021769
0.013036,-0.025636,0.013359,-0.017257,0.018193,-0.022735
0.013359,-0.024991,0.019804,-0.016612,0.017226,-0.029181
0.014648,-0.022413,0.014325,-0.022735,0.016581,-0.029181
0.015937,-0.02048,0.011103,-0.018224,0.018193,-0.026925
0.0091691,-0.023058,0.014648,-0.011778,0.026572,-0.02628
0.013359,-0.022091,0.013681,-0.012745,0.027216,-0.02628
0.0094914,-0.024991,0.01207,-0.012423,0.02206,-0.029825
0.006591,-0.024025,0.017548,-0.0095225,0.022382,-0.024991
0.0094914,-0.016612,0.018193,-0.0098447,0.019482,-0.025636
0.014648,-0.0085557,0.014648,-0.016935,0.024638,-0.024025
0.015292,-0.0079111,0.014648,-0.014034,0.027538,-0.020802
0.01207,-0.017257,0.018837,-0.012101,0.025283,-0.028214
0.0094914,-0.021124,0.017226,-0.011456,0.026572,-0.029181
0.0098136,-0.024025,0.017226,-0.010489,0.022704,-0.02628
0.0059464,-0.024347,0.018193,-0.016612,0.017226,-0.029503
0.0062687,-0.017579,0.018515,-0.012745,0.029472,-0.024025
0.00788,-0.027892,0.014648,-0.016612,0.027216,-0.025958
0.0033683,-0.026603,0.017226,-0.015323,0.021415,-0.02757
0.003046,-0.023058,0.020126,-0.0098447,0.022704,-0.023702
0.0059464,-0.019513,0.012714,-0.0095225,0.026894,-0.023702
0.0082023,-0.022735,0.0085246,-0.01339,0.018837,-0.021446
0.01207,-0.026603,0.0075578,-0.0082334,0.019159,-0.023702
0.018193,-0.024669,0.015614,-0.0095225,0.019159,-0.023702
0.021415,-0.023702,0.015614,-0.012423,0.02206,-0.029503
0.022704,-0.024991,0.017226,-0.017579,0.020771,-0.034015
0.01787,-0.023702,0.017548,-0.018546,0.021738,-0.027247
0.01787,-0.022735,0.0088468,-0.013067,0.018837,-0.026925
0.020449,-0.021124,0.015614,-0.011134,0.016259,-0.029503
0.010136,-0.022735,0.030439,-0.011778,0.026572,-0.025636
0.0072355,-0.02048,0.023349,-0.031437,0.019482,-0.029503
0.0043351,-0.022413,0.015937,-0.026925,0.02206,-0.029503
0.0046573,-0.024669,0.013359,-0.019835,0.026572,-0.02628
0.00788,-0.024025,0.014648,-0.017901,0.02496,-0.02628
0.0091691,-0.022735,0.014648,-0.012101,0.025283,-0.022413
-0.00082122,-0.019835,0.01497,-0.013067,0.02206,-0.023702
-0.00017668,-0.022413,0.013681,-0.023702,0.028505,-0.022735
0.0046573,-0.021124,0.015292,-0.024669,0.024638,-0.020157
0.0043351,-0.018224,0.012714,-0.017257,0.02206,-0.022735
0.0059464,-0.016935,0.01497,-0.014357,0.023993,-0.023702
0.0088468,-0.021769,0.018193,-0.016935,0.020449,-0.021769
0.01078,-0.021769,0.017548,-0.012423,0.021093,-0.023702
0.011103,-0.023058,0.020126,-0.014357,0.021093,-0.02338
0.014325,-0.022413,0.014325,-0.014034,0.018515,-0.031437
0.011103,-0.022735,0.020126,-0.014357,0.016904,-0.032726
0.0056242,-0.022091,0.01787,-0.015646,0.016259,-0.031759
0.0040128,-0.019191,0.01078,-0.020802,0.0046573,-0.028536
0.0053019,-0.01629,0.01207,-0.03047,-0.015968,-0.029825
0.0059464,-0.020157,0.013681,-0.030792,-0.027247,-0.031114
0.0033683,-0.022735,0.015937,-0.024025,-0.019513,-0.028859
0.003046,-0.018868,0.018837,-0.021769,-0.0092002,-0.034659
0.0043351,-0.019835,0.011747,-0.014357,0.00079012,-0.028536
0.0011124,-0.021124,0.0098136,-0.019513,0.01497,-0.029503
-0.00017668,-0.02048,0.011103,-0.015968,0.033662,-0.031437
0.0040128,-0.021124,0.014325,-0.033693,0.044941,-0.032081
0.0014347,-0.02338,0.022382,-0.035304,0.042685,-0.032404
0.0049796,-0.022413,0.025927,-0.01339,-0.00017668,-0.031759
0.0053019,-0.022091,0.017548,0.0011124,-0.055285,-0.028214
0.0085246,-0.025636,0.017226,0.014003,-0.001788,-0.024991
0.014648,-0.02048,0.014325,0.0014347,0.081357,-0.022413
0.021415,-0.024347,0.011747,-0.021769,0.16354,-0.019513
0.026894,-0.028859,0.013681,0.013359,0.19415,-0.02048
0.025927,-0.024347,0.026249,0.016259,0.12647,-0.023058
0.02496,-0.023058,0.024638,-0.0011435,0.09167,-0.019835
0.022704,-0.018868,0.024316,-0.0092002,0.054931,-0.021446
0.026249,-0.014679,0.021415,-0.019513,0.025605,-0.02048
0.027861,-0.019191,0.015614,-0.018868,0.0085246,-0.025636
0.023349,-0.023058,0.022382,-0.025636,0.0011124,-0.026925
0.024316,-0.025958,0.022382,-0.02628,-0.0075889,-0.030148
0.019482,-0.031437,0.01787,-0.028214,-0.0075889,-0.031759
0.014325,-0.030792,0.013681,-0.02628,-0.0059775,-0.030148
0.013681,-0.027892,0.016581,-0.029825,-0.0088779,-0.024347
0.0098136,-0.028214,0.021415,-0.024991,-0.0037216,-0.026925
0.0082023,-0.025958,0.019159,-0.02048,-0.0030771,-0.03047
0.0072355,-0.027892,0.016581,-0.020157,-0.0059775,-0.030148
0.0056242,-0.031437,0.014648,-0.019191,-0.0062998,-0.030792
0.01207,-0.028859,0.011103,-0.02048,-0.0027548,-0.034659
0.010458,-0.024991,0.01078,-0.022735,-0.001788,-0.028536
0.0075578,-0.021446,0.013681,-0.024991,-0.001788,-0.029825
-0.0024326,-0.019513,0.014648,-0.020157,0.00046785,-0.03047
-0.0037216,-0.015001,0.013681,-0.012423,-0.0011435,-0.030792
0.00014558,-0.020157,0.0094914,-0.017579,0.0072355,-0.032726
0.0027237,-0.019513,0.014003,-0.015323,0.011747,-0.026925
0.0020792,-0.017901,0.016259,-0.012101,0.01497,-0.031437
-0.0037216,-0.019513,0.016581,-0.014034,0.01497,-0.031759
0.00079012,-0.02628,0.018837,-0.017579,0.019804,-0.026603
0.0017569,-0.02338,0.016581,-0.021769,0.022382,-0.02757
0.006591,-0.018224,0.016581,-0.019513,0.01497,-0.023058
0.012392,-0.017257,0.014325,-0.017257,0.0046573,-0.03047
0.016259,-0.022091,0.015937,-0.015323,-0.0069443,-0.024025
0.023671,-0.020802,0.014648,-0.014679,-0.0030771,-0.015968
0.021738,-0.011456,0.015614,-0.014357,0.024638,-0.024991
0.02206,-0.011778,0.016259,-0.015323,0.063955,-0.021446
0.016904,-0.017579,0.017548,-0.014679,0.043007,-0.021124
0.01787,-0.019835,0.015937,-0.010812,0.02915,-0.022091
0.016904,-0.023058,0.014003,-0.011134,0.020449,-0.023702
0.016259,-0.023702,0.013036,-0.0095225,0.016581,-0.02628
0.017226,-0.02628,0.015937,-0.015968,0.01497,-0.020802
0.019159,-0.02628,0.016581,-0.017579,0.01787,-0.021124
0.015614,-0.016935,0.015614,-0.015323,0.018837,-0.024991
0.00788,-0.0062998,0.015614,-0.014034,0.023027,-0.028536
0.0036905,-0.01629,0.016581,-0.010812,0.022382,-0.030792
0.0024015,-0.02628,0.018837,-0.014679,0.021738,-0.032081
0.00079012,-0.024025,0.015614,-0.019513,0.023671,-0.02757
0.0036905,-0.022735,0.017548,-0.015323,0.02496,-0.026603
0.0049796,-0.022413,0.019159,-0.015323,0.024316,-0.024025
0.0043351,-0.023702,0.016581,-0.019513,0.026249,-0.024669
0.011425,-0.026603,0.011425,-0.011456,0.024638,-0.02757
0.013359,-0.024991,0.012714,-0.0095225,0.025605,-0.03047
0.014003,-0.032081,0.013036,-0.012745,0.027861,-0.02757
0.013036,-0.034337,0.016259,-0.011134,0.025927,-0.03047
0.006591,-0.028536,0.014648,-0.014679,0.025283,-0.025636
0.006591,-0.02757,0.018837,-0.014679,0.024638,-0.024347
0.00788,-0.021124,0.016581,-0.015646,0.026249,-0.03047
0.01078,-0.023702,0.020126,-0.016612,0.023671,-0.024025
0.011747,-0.025314,0.018193,-0.014034,0.025283,-0.023702
0.018193,-0.024025,0.019159,-0.012423,0.02206,-0.023058
0.018837,-0.017901,0.021415,-0.015968,0.025283,-0.024347
0.021415,-0.018868,0.013681,-0.015323,0.026249,-0.02628
0.019482,-0.021446,0.01207,-0.014679,0.024638,-0.025636
0.018837,-0.021769,0.01207,-0.012101,0.026894,-0.027247
0.016581,-0.018546,0.015614,-0.01629,0.023349,-0.022413
0.013036,-0.023702,0.020126,-0.015968,0.01787,-0.020802
0.016581,-0.028536,0.018837,-0.017257,0.023349,-0.02628
0.018193,-0.025314,0.01207,-0.018868,0.020126,-0.021124
0.01497,-0.025958,0.0094914,-0.021124,0.018193,-0.020157
0.011103,-0.026603,0.0091691,-0.02048,0.019159,-0.022091
0.0088468,-0.028214,0.00079012,-0.02048,0.021415,-0.022735
0.0033683,-0.026925,-0.0098447,-0.021124,0.018837,-0.024347
0.0088468,-0.024991,0.0011124,-0.014357,0.015614,-0.02628
0.013681,-0.022735,0.026572,-0.017257,0.023993,-0.024991
0.011425,-0.017579,0.028505,-0.020802,0.011103,-0.024991
0.010458,-0.01339,0.037529,-0.023058,0.0040128,-0.031114
0.0072355,-0.015646,0.01207,-0.022413,0.0094914,-0.032404
0.0075578,-0.021769,0.013036,-0.018224,0.015937,-0.026925
0.00788,-0.020802,0.023671,-0.015001,0.030761,-0.036271
0.011747,-0.022413,0.021415,-0.014357,0.046552,-0.036593
0.0098136,-0.018224,0.022704,-0.014357,0.053964,-0.03337
0.0088468,-0.024669,0.019482,-0.0092002,0.039462,-0.028859
0.012392,-0.021124,0.019482,-0.0066221,0.02915,-0.032404
0.00788,-0.01629,0.019804,-0.0095225,0.023027,-0.03337
0.0046573,-0.020802,0.016904,-0.017901,0.014648,-0.03337
0.0056242,-0.022413,0.013036,-0.017257,0.022704,-0.032726
0.0046573,-0.021124,0.014003,-0.015968,0.022704,-0.031759
0.011103,-0.019513,0.015614,-0.016612,0.014325,-0.032081
0.0056242,-0.019835,0.018837,-0.015968,0.012392,-0.028859
0.0033683,-0.023058,0.017548,-0.015646,0.020771,-0.025314
0.0062687,-0.019191,0.021093,-0.014357,0.024638,-0.028214
0.003046,-0.021769,0.016904,-0.018224,0.023993,-0.027892
0.0059464,-0.019835,0.013036,-0.016935,0.023027,-0.02757
0.0040128,-0.020157,0.01497,-0.02048,0.023671,-0.022091
0.003046,-0.024025,0.00788,-0.020157,0.019482,-0.027247
0.0072355,-0.022091,0.011103,-0.020802,0.019804,-0.024669
0.0094914,-0.02338,0.015614,-0.021769,0.016259,-0.026603
0.01497,-0.025958,0.01497,-0.02048,0.018515,-0.020157
0.010136,-0.024025,0.013359,-0.014679,0.022704,-0.021769
0.0059464,-0.02338,0.0059464,-0.011134,0.02206,-0.029825
0.006591,-0.022091,0.011425,-0.016612,0.026572,-0.029825
0.01078,-0.023058,0.012392,-0.020802,0.018837,-0.024991
0.0014347,-0.019835,0.016259,-0.015968,0.018515,-0.027892
0.0014347,-0.016612,0.018837,-0.012423,0.016259,-0.02757
0.0059464,-0.018868,0.023993,-0.020802,0.013359,-0.024669
0.0062687,-0.021446,0.023993,-0.015646,0.01207,-0.027892
0.011425,-0.023702,0.018193,-0.012745,0.01497,-0.027892
0.013681,-0.022091,0.019804,-0.01629,0.019482,-0.023058
0.011103,-0.02048,0.01497,-0.018224,0.016259,-0.021446
0.0082023,-0.022413,0.020771,-0.01629,0.010458,-0.018546
0.0085246,-0.025636,0.021415,-0.019835,0.0088468,-0.027892
0.0088468,-0.026603,0.01787,-0.021769,0.0033683,-0.029825
0.0094914,-0.024025,0.016259,-0.016612,-0.0043662,-0.031114
0.011747,-0.024347,0.015614,-0.0082334,-0.0011435,-0.035626
0.015937,-0.023702,0.012714,-0.015323,0.014003,-0.029825
0.011103,-0.025958,0.019482,-0.035626,0.017226,-0.033048
0.011747,-0.027247,0.014648,-0.031114,0.018193,-0.029503
0.0094914,-0.026925,0.015937,-0.028214,0.028183,-0.02628
0.012714,-0.027892,0.011425,-0.027892,0.039462,-0.025314
0.01207,-0.02628,0.011747,-0.019191,0.040751,-0.023702
0.017226,-0.022735,0.016581,-0.017901,0.010458,-0.020802
0.017548,-0.021446,0.018193,-0.0092002,-0.02628,-0.020157
0.013359,-0.019191,0.023671,0.0011124,-0.035304,-0.018868
0.0085246,-0.018546,0.022704,0.0036905,-0.0030771,-0.016935
0.0062687,-0.018224,0.020771,0.0085246,0.075556,-0.016612
0.013359,-0.02048,0.023349,0.0046573,0.10714,-0.015323
0.019482,-0.025314,0.021093,-0.0043662,0.12229,-0.021769
0.02206,-0.018546,0.015292,-0.0030771,0.10972,-0.026925
0.025927,-0.017579,0.013036,-0.001788,0.08748,-0.03756
0.023349,-0.021446,0.018193,-0.0050107,0.085547,-0.036271
0.023027,-0.02338,0.016259,-0.018868,0.062988,-0.027892
0.014648,-0.021446,0.015614,-0.014679,0.034306,-0.028214
0.011425,-0.019513,0.017548,-0.0062998,0.0069132,-0.029181
0.01207,-0.021124,0.0094914,-0.015646,-0.014679,-0.025958
0.010136,-0.019835,0.012392,-0.01629,-0.045617,-0.02628
0.00788,-0.025314,0.018837,-0.017257,-0.029503,-0.032404
0.0062687,-0.027892,0.013359,-0.022735,-0.0062998,-0.032404
0.0075578,-0.024025,0.014648,-0.023058,-0.0085557,-0.033048
0.0046573,-0.025958,0.011103,-0.024991,-0.0030771,-0.030148
0.0056242,-0.028859,0.0075578,-0.021769,0.0040128,-0.035949
0.0088468,-0.029181,0.0094914,-0.021446,0.00788,-0.02757
0.010136,-0.029181,0.01078,-0.022735,0.0011124,-0.026603
0.0088468,-0.028536,0.0088468,-0.02338,0.0069132,-0.02338
0.01207,-0.028859,0.013036,-0.022735,0.0075578,-0.024669
0.010136,-0.021124,0.014325,-0.022091,0.0056242,-0.030148
0.010458,-0.021769,0.018515,-0.021124,0.011103,-0.028859
0.010458,-0.022091,0.015937,-0.018224,0.01497,-0.029503
0.011103,-0.02048,0.019804,-0.017579,0.011425,-0.022413
0.01787,-0.021446,0.021093,-0.014357,0.01207,-0.024991
0.020771,-0.017901,0.015937,-0.014357,0.015292,-0.02628
0.025283,-0.020157,0.014003,-0.018546,0.016904,-0.031437
0.023349,-0.02048,0.015292,-0.016935,0.020771,-0.026603
0.022382,-0.020157,0.015292,-0.012423,0.018837,-0.02628
0.017226,-0.024025,0.01787,-0.016612,0.016904,-0.024669
0.013359,-0.023058,0.016259,-0.015646,0.022382,-0.018868
0.014003,-0.011456,0.011747,-0.015646,0.026572,-0.018546
0.014648,-0.0024326,0.014003,-0.019513,0.020126,-0.021124
0.010136,-0.014679,0.01078,-0.022735,0.020771,-0.025636
0.011425,-0.020802,0.013359,-0.020157,0.020449,-0.027247
0.018515,-0.024347,0.016581,-0.017901,0.018193,-0.02338
0.0082023,-0.025636,0.013036,-0.017579,0.025283,-0.022735
-0.0021103,-0.026603,0.013681,-0.0095225,0.025927,-0.025636
0.00079012,-0.024347,0.016259,-0.0088779,0.025927,-0.030148
0.0049796,-0.024347,0.01497,-0.0095225,0.022704,-0.034982
0.0043351,-0.018868,0.01497,-0.0059775,0.023993,-0.026925
0.0043351,-0.017257,0.015937,-0.012423,0.023993,-0.027892
0.0088468,-0.019191,0.013681,-0.013712,0.02496,-0.029181
0.0098136,-0.023702,0.0088468,-0.012745,0.029794,-0.02628
0.0094914,-0.025636,0.012392,-0.017901,0.029794,-0.022091
0.0056242,-0.023702,0.017226,-0.015968,0.026249,-0.021124
-0.0021103,-0.023702,0.015292,-0.01339,0.024316,-0.024991
-0.0046884,-0.026925,0.014648,-0.012101,0.022382,-0.031114
-0.0014658,-0.026925,0.014325,-0.0072666,0.026249,-0.032081
-0.00017668,-0.02757,0.018837,-0.014034,0.03205,-0.030792
-0.0011435,-0.028536,0.018193,-0.029181,0.025283,-0.028536
0.0043351,-0.028214,0.018193,-0.02048,0.028505,-0.024347
0.003046,-0.028536,0.016259,-0.017901,0.026894,-0.02757
0.0069132,-0.022413,0.017226,-0.012745,0.02496,-0.029825
0.0098136,-0.0079111,0.018837,-0.0095225,0.025283,-0.029181
0.0072355,-0.0095225,0.016259,-0.022091,0.02496,-0.024991
0.016259,-0.022735,0.016904,-0.036271,0.018837,-0.029503
0.018193,-0.02338,0.021093,-0.015323,0.022704,-0.030148
0.013359,-0.019191,0.021738,-0.02628,0.025927,-0.029825
0.011747,-0.015323,0.020126,-0.021124,0.020771,-0.026925
0.015292,-0.019835,0.013681,-0.017579,0.020126,-0.023058
0.018837,-0.022091,0.01787,-0.02338,0.018515,-0.024669
0.018515,-0.026925,0.020126,-0.023058,0.019159,-0.024669
0.016581,-0.024991,0.016259,-0.015968,0.01497,-0.026925
0.01207,-0.024347,0.016904,-0.011134,0.01787,-0.025636
0.012392,-0.021446,0.016904,-0.013067,0.015614,-0.03047
0.0088468,-0.02048,0.017548,-0.012745,0.021093,-0.032404
0.0069132,-0.023702,0.015292,-0.012745,0.017548,-0.025958
0.0069132,-0.022091,0.014648,-0.011456,0.018515,-0.024991
0.01207,-0.023058,0.01787,-0.013067,0.021738,-0.02338
0.015937,-0.027247,0.023671,-0.015968,0.019482,-0.02338
0.013036,-0.019513,0.020449,-0.015968,0.019804,-0.024669
0.013359,-0.024025,0.016904,-0.015001,0.018193,-0.02757
0.016259,-0.019513,0.024638,-0.02338,0.016259,-0.025958
0.013681,-0.018546,0.027216,-0.023058,0.018193,-0.025314
0.0082023,-0.028214,0.020126,-0.015646,0.020449,-0.019835
0.017548,-0.027247,0.0059464,-0.016612,0.018515,-0.023058
0.020771,-0.023058,-0.0088779,-0.017901,0.018837,-0.025636
0.016904,-0.024669,0.0033683,-0.014034,0.023993,-0.022735
0.013681,-0.024347,0.015614,-0.013067,0.019804,-0.024669
0.012392,-0.021769,0.019159,-0.012423,0.01497,-0.025314
0.013681,-0.022735,0.024316,-0.0092002,0.016581,-0.022735
0.0094914,-0.019191,0.01787,-0.0095225,0.016259,-0.027247
0.0082023,-0.018546,0.016904,-0.016612,0.015292,-0.031437
0.0085246,-0.020802,0.016259,-0.015646,0.018193,-0.029181
0.0036905,-0.024669,0.012714,-0.01629,0.018837,-0.033048
0.0069132,-0.025636,0.014325,-0.017257,0.022704,-0.032081
0.013681,-0.02048,0.019482,-0.010812,0.023993,-0.03047
0.016904,-0.019513,0.015937,-0.011778,0.023671,-0.03337
0.013036,-0.019513,0.014325,-0.015646,0.022704,-0.029503
0.010458,-0.019191,0.012392,-0.017901,0.020771,-0.024669
0.0094914,-0.022091,0.019482,-0.020157,0.020771,-0.02048
0.0075578,-0.023058,0.020449,-0.019835,0.025283,-0.024025
0.0053019,-0.025636,0.016259,-0.019191,0.025927,-0.022735
0.0046573,-0.022413,0.019482,-0.015323,0.021738,-0.029825
0.0091691,-0.02338,0.015937,-0.015968,0.021738,-0.028859
0.0072355,-0.028536,0.014325,-0.018546,0.027538,-0.031759
0.006591,-0.031114,0.018837,-0.01629,0.031083,-0.03047
0.006591,-0.029181,0.016259,-0.023058,0.030117,-0.03047
0.0075578,-0.027247,0.014648,-0.015646,0.019804,-0.029503
0.0056242,-0.026603,0.013359,-0.011778,0.023993,-0.033048
0.0059464,-0.023058,0.015292,-0.0072666,0.018515,-0.034659
0.00788,-0.022413,0.011747,-0.010167,0.017548,-0.028214
0.010458,-0.019835,0.013036,-0.01629,0.023027,-0.02628
0.011103,-0.021446,0.018837,-0.021124,0.024638,-0.030148
0.015292,-0.018546,0.018193,-0.014679,0.024638,-0.027247
0.016259,-0.021124,0.016581,-0.022091,0.019159,-0.02628
0.0088468,-0.023058,0.012392,-0.021769,0.011103,-0.031759
0.01207,-0.026603,0.01497,-0.024991,-0.0040439,-0.02757
0.012714,-0.026925,0.012392,-0.018224,-0.0082334,-0.026603
0.013359,-0.030792,0.0098136,-0.015968,-0.0072666,-0.03047
0.010458,-0.03756,0.0098136,-0.025314,-0.0037216,-0.034337
0.010458,-0.031759,0.0043351,-0.023702,0.0094914,-0.028859
0.0088468,-0.027247,0.0069132,-0.023702,0.03205,-0.024669
0.0053019,-0.017901,0.011425,-0.021124,0.054609,-0.027892
0.0062687,-0.013067,0.017548,-0.011134,0.059765,-0.025314
0.0056242,-0.0072666,0.027216,-0.0046884,0.051386,-0.025636
0.01078,-0.0062998,0.027861,0.0085246,0.01207,-0.027892
0.017226,-0.014679,0.028183,0.01207,-0.013067,-0.022091
0.012392,-0.013712,0.028183,0.0069132,0.033017,-0.016935
0.011103,-0.01339,0.022382,0.0017569,0.082969,-0.016612
0.0094914,-0.015968,0.020771,0.0036905,0.079746,-0.018868
0.0082023,-0.015646,0.014003,-0.0088779,0.080068,-0.018224
0.011747,-0.018546,0.013681,-0.031437,0.052998,-0.02338
0.012714,-0.019513,0.021738,-0.02048,0.029794,-0.025958
0.0075578,-0.019191,0.018837,-0.018868,0.01787,-0.03047
0.012392,-0.022091,0.016904,-0.024991,0.0082023,-0.026925
0.01497,-0.022091,0.018515,-0.030792,0.010458,-0.026603
0.014648,-0.020157,0.016904,-0.022413,0.0053019,-0.026603
0.019482,-0.021124,0.013359,-0.024347,0.00079012,-0.021124
0.017226,-0.025314,0.01497,-0.025314,0.0036905,-0.025958
0.016259,-0.023702,0.0088468,-0.019513,0.0017569,-0.025958
0.02206,-0.023702,0.0075578,-0.019513,0.0014347,-0.028214
0.017548,-0.026603,0.010136,-0.018546,0.0024015,-0.024991
0.01497,-0.02628,0.01497,-0.020157,0.0046573,-0.023058
0.018515,-0.025636,0.01207,-0.020802,0.0072355,-0.022413
0.020126,-0.026925,0.01207,-0.020157,0.0062687,-0.029181
0.021093,-0.026603,0.015937,-0.0098447,0.012714,-0.024669
0.021093,-0.025314,0.016259,-0.017257,0.0094914,-0.023058
0.01787,-0.021769,0.015614,-0.020157,0.013036,-0.03047
0.015292,-0.022413,0.019804,-0.019191,0.016259,-0.031437
0.013036,-0.018546,0.01078,-0.021446,0.011425,-0.032081
0.0094914,-0.019191,0.015292,-0.017901,0.014003,-0.030792
0.00788,-0.02048,0.016904,-0.01629,0.015614,-0.02628
0.0069132,-0.020157,0.014325,-0.011778,0.018515,-0.027247
0.0056242,-0.023702,0.01497,-0.012745,0.021738,-0.029503
0.010458,-0.018224,0.016904,-0.011134,0.019804,-0.02628
0.012714,-0.021124,0.018515,-0.012101,0.023993,-0.02338
0.0046573,-0.024347,0.017226,-0.015646,0.022704,-0.02757
-0.00017668,-0.026603,0.017548,-0.012745,0.020771,-0.024991
-0.0014658,-0.023058,0.013036,-0.015323,0.026249,-0.030148
0.00014558,-0.020802,0.015292,-0.019513,0.02206,-0.029825
0.0046573,-0.025958,0.016581,-0.017901,0.026572,-0.025636
0.0053019,-0.025314,0.014325,-0.014034,0.023349,-0.028536
-0.00017668,-0.022091,0.012392,-0.015323,0.019482,-0.022735
0.0053019,-0.021769,0.0011124,-0.017579,0.02496,-0.024991
0.0088468,-0.025314,0.0049796,-0.014034,0.020449,-0.026925
0.0091691,-0.028859,0.010458,-0.012745,0.026572,-0.032404
0.0098136,-0.031437,0.018515,-0.014357,0.032695,-0.02628
0.00788,-0.024991,0.04333,-0.011456,0.021415,-0.023058
0.0082023,-0.022091,0.045585,-0.012745,0.013036,-0.022413
0.0059464,-0.024991,0.016259,-0.014034,0.017548,-0.024025
-0.0021103,-0.025636,0.016259,-0.014679,0.022704,-0.028536
0.0027237,-0.025636,0.019482,-0.017579,0.031083,-0.027247
0.003046,-0.024669,0.019159,-0.020802,0.028183,-0.031759
0.0056242,-0.023058,0.018193,-0.022413,0.021093,-0.028214
0.0049796,-0.017901,0.01787,-0.020157,0.023993,-0.021446
0.0033683,-0.018546,0.023349,-0.025314,0.023027,-0.022413
0.0085246,-0.024991,0.021415,-0.022735,0.024638,-0.025636
0.01207,-0.022413,0.021093,-0.018224,0.030761,-0.024347
0.014003,-0.021446,0.01787,-0.018868,0.027538,-0.031437
0.014325,-0.022413,0.011747,-0.014034,0.022704,-0.029825
0.016581,-0.022735,0.0075578,-0.014357,0.019159,-0.022735
0.018515,-0.018868,0.013681,-0.011778,0.022382,-0.022091
0.018193,-0.018868,0.014648,-0.015968,0.023349,-0.03047
0.018515,-0.020802,0.011747,-0.0092002,0.021738,-0.032081
0.021415,-0.021769,0.01207,-0.015646,0.023349,-0.034337
0.018837,-0.021769,0.013359,-0.01629,0.019482,-0.031437
0.014648,-0.021446,0.015937,-0.010167,0.017548,-0.025636
0.01497,-0.022413,0.013681,-0.010489,0.021738,-0.027247
0.013681,-0.024347,0.015614,-0.0079111,0.019159,-0.027247
0.010458,-0.02338,0.014325,-0.011134,0.023027,-0.028859
0.013359,-0.02757,0.018837,-0.016935,0.020449,-0.031114
0.01207,-0.026603,0.015937,-0.012101,0.020126,-0.028214
0.014003,-0.024347,0.015937,-0.010812,0.024316,-0.029825
0.012392,-0.027892,0.014648,-0.011778,0.020126,-0.024025
0.010458,-0.033048,0.014003,-0.014679,0.019159,-0.025314
0.011425,-0.028214,0.010136,-0.019191,0.024638,-0.025636
0.0075578,-0.024669,0.015292,-0.019191,0.017226,-0.028859
0.011103,-0.024991,0.022704,-0.024991,0.016581,-0.02757
0.012392,-0.018224,0.030117,-0.017579,0.016581,-0.029825
0.014325,-0.011134,0.020449,-0.011134,0.026572,-0.023058
0.013681,-0.010167,0.006591,-0.014679,0.033017,-0.02338
0.014648,-0.014679,0.021093,-0.018224,0.019159,-0.03047
0.011103,-0.021446,0.02496,-0.021769,0.020449,-0.029503
0.0075578,-0.020157,0.018193,-0.013712,0.019482,-0.024347
0.0098136,-0.020802,0.013036,-0.01629,0.012714,-0.02628
0.011747,-0.023058,0.014003,-0.0095225,0.0094914,-0.029825
0.00788,-0.024669,0.017226,-0.019191,0.0091691,-0.035304
0.0075578,-0.020802,0.01787,-0.021769,0.0069132,-0.032404
0.006591,-0.022413,0.020449,-0.018546,0.0069132,-0.033048
0.006591,-0.019191,0.015292,-0.015646,0.013681,-0.033048
0.0088468,-0.017901,0.011103,-0.015646,0.025927,-0.029825
0.0049796,-0.018546,0.0040128,-0.015968,0.034628,-0.025636
0.0088468,-0.019835,0.0053019,-0.012423,0.052353,-0.02338
0.01497,-0.021769,0.018837,-0.016612,0.052675,-0.025314
0.014003,-0.023058,0.017226,-0.0098447,0.031728,-0.020802
0.0085246,-0.021446,0.012714,-0.0027548,0.023671,-0.022735
0.013359,-0.023702,0.012714,-0.014034,0.021415,-0.024347
0.0082023,-0.027892,0.016581,-0.030148,0.011425,-0.027892
0.0075578,-0.024669,0.013359,-0.020802,0.016581,-0.03047
0.012392,-0.024347,0.010458,-0.023058,0.017548,-0.023058
0.013681,-0.02757,0.012714,-0.018546,0.010458,-0.018546
0.015937,-0.028536,0.016259,-0.016935,0.014003,-0.022735
0.010458,-0.024669,0.01497,-0.019835,0.017226,-0.026925
0.012714,-0.024991,0.014648,-0.017579,0.014003,-0.023058
0.015292,-0.021124,0.021415,-0.014034,0.015292,-0.02338
0.015292,-0.021769,0.019482,-0.019191,0.020449,-0.025636
0.016904,-0.020157,0.018193,-0.033693,0.017548,-0.027247
0.01497,-0.01629,0.017226,-0.029503,0.019159,-0.021446
0.0088468,-0.015968,0.016259,-0.017901,0.017226,-0.02628
0.0062687,-0.021124,0.013681,-0.012101,0.018837,-0.02338
0.0091691,-0.025636,0.01207,-0.012423,0.016259,-0.025958
0.013359,-0.02757,0.015292,-0.017257,0.01207,-0.023702
0.012392,-0.024991,0.015292,-0.016935,0.0059464,-0.025958
0.0062687,-0.021769,0.014003,-0.012101,0.012392,-0.02628
0.0088468,-0.023702,0.01497,-0.017579,0.012392,-0.021124
0.011747,-0.021446,0.01497,-0.018224,0.010136,-0.025636
0.015937,-0.0072666,0.016904,-0.0095225,0.014648,-0.024991
0.018193,-0.01339,0.019482,-0.010489,0.023027,-0.021446
0.010458,-0.016612,0.019159,-0.011456,0.022382,-0.019513
0.011103,-0.01629,0.01787,-0.014679,0.029794,-0.022091
0.01207,-0.021769,0.019159,-0.016612,0.030117,-0.026603
0.011425,-0.021769,0.016904,-0.010489,0.029472,-0.031437
0.0069132,-0.02048,0.017548,-0.016935,0.017226,-0.026925
0.0059464,-0.024669,0.011425,-0.017901,0.0046573,-0.025314
0.0036905,-0.032726,0.013681,-0.019191,-0.00082122,-0.025636
0.0043351,-0.031114,0.016904,-0.014034,-0.0037216,-0.029503
0.0040128,-0.024025,0.024316,-0.024669,-0.0062998,-0.024991
-0.00017668,-0.024991,0.019159,-0.025314,-0.019191,-0.02757
-0.0040439,-0.024669,0.019804,-0.0040439,0.0043351,-0.024991
0.0011124,-0.024025,0.018837,-0.020157,0.08458,-0.024347
0.0082023,-0.02048,0.018837,-0.019835,0.10617,-0.029181
0.0098136,-0.017901,0.022382,-0.00017668,0.10005,-0.02338
0.0075578,-0.020802,0.01787,0.00079012,0.12809,-0.029825
0.0075578,-0.023702,0.01787,-0.0037216,0.09457,-0.033048
0.01078,-0.027247,0.01207,-0.0072666,0.058476,-0.02757
0.014003,-0.024991,0.010136,-0.0059775,0.033339,-0.02628
0.011103,-0.021446,0.0094914,-0.0085557,-0.0066221,-0.026603
0.0085246,-0.023702,0.00788,-0.014357,-0.034659,-0.034659
0.01207,-0.025314,0.0091691,-0.021446,-0.022735,-0.034337
0.015614,-0.024991,0.015292,-0.024025,0.003046,-0.03047
0.020449,-0.027247,0.018837,-0.019835,0.0020792,-0.036271
0.021093,-0.027247,0.0088468,-0.020157,0.0040128,-0.035626
0.01787,-0.02757,0.013681,-0.01629,0.0049796,-0.030792
0.01497,-0.024991,0.016581,-0.01629,0.0094914,-0.028859
0.011103,-0.022091,0.015614,-0.017257,0.01078,-0.025314
0.012714,-0.023702,0.016259,-0.019513,0.00788,-0.024347
0.011747,-0.022735,0.019159,-0.018546,0.011103,-0.031437
0.01207,-0.022735,0.011747,-0.019513,0.019804,-0.02628
0.010136,-0.020802,0.016581,-0.018224,0.02496,-0.024347
0.00788,-0.017579,0.01497,-0.018868,0.020126,-0.029181
0.012714,-0.019513,0.012392,-0.016935,0.017226,-0.021446
0.0082023,-0.019513,0.01078,-0.017579,0.011103,-0.021124
0.010136,-0.020157,0.014325,-0.016612,-0.00082122,-0.019191
0.018193,-0.020802,0.019159,-0.010167,0.0027237,-0.018546
0.018193,-0.021124,0.014003,-0.012101,0.034306,-0.025636
0.015292,-0.019191,0.014003,-0.02048,0.050419,-0.031114
0.016904,-0.023058,0.01497,-0.024347,0.028183,-0.028859
0.016904,-0.02757,0.016904,-0.025314,0.01787,-0.025958
0.0094914,-0.018868,0.014325,-0.022735,0.018515,-0.030148
0.0088468,-0.022413,0.012714,-0.022091,0.018193,-0.029181
0.0069132,-0.020157,0.018837,-0.020157,0.022382,-0.025958
0.010136,-0.021769,0.021415,-0.021769,0.019159,-0.03047
0.01497,-0.02338,0.017548,-0.018224,0.020449,-0.031437
0.012392,-0.02048,0.012392,-0.014034,0.018837,-0.034982
0.011747,-0.022091,0.015937,-0.018868,0.019159,-0.026603
0.0091691,-0.026603,0.011425,-0.019835,0.020126,-0.026603
0.0043351,-0.021124,0.011103,-0.015968,0.02206,-0.026603
-0.0030771,-0.024991,0.01497,-0.014357,0.021093,-0.02757
-0.0075889,-0.026925,0.021093,-0.016935,0.015937,-0.028859
-0.0027548,-0.019513,0.023993,-0.015323,0.015292,-0.029825
0.0017569,-0.021124,0.020771,-0.012101,0.018515,-0.022735
0.0024015,-0.022413,0.020449,-0.01629,0.023027,-0.021769
0.0033683,-0.024347,0.021093,-0.019835,0.019804,-0.021769
0.0043351,-0.022091,0.016904,-0.01629,0.013036,-0.022091
0.006591,-0.021124,0.017548,-0.012745,0.012714,-0.028214
0.0059464,-0.024347,0.017548,-0.012745,0.018515,-0.023058
0.0053019,-0.026603,0.020126,-0.018224,0.014648,-0.027247
0.0094914,-0.022091,0.019482,-0.018224,0.012714,-0.034015
0.014003,-0.022413,0.015937,-0.012423,0.016259,-0.032726
0.014648,-0.024669,0.013359,-0.019835,0.021093,-0.028859
0.011747,-0.019513,0.015614,-0.014034,0.027216,-0.026925
0.011103,-0.018546,0.015292,-0.012101,0.034951,-0.022413
0.016904,-0.021769,0.019482,-0.015323,0.030439,-0.021124
0.019159,-0.025636,0.019804,-0.0021103,0.024638,-0.019191
0.020449,-0.024025,0.016904,-0.0062998,0.035595,-0.021769
0.020126,-0.021124,0.018837,-0.0085557,0.076523,-0.021769
0.014648,-0.018868,0.019804,-0.0066221,0.02915,-0.024991
0.011103,-0.018546,0.017226,-0.0030771,-0.017257,-0.031114
0.0082023,-0.020157,0.018193,-0.010167,0.029472,-0.025636
0.010458,-0.022091,0.018193,-0.017257,0.036562,-0.023702
0.012714,-0.022091,0.011425,-0.018868,0.029794,-0.027247
0.015292,-0.017579,0.015292,-0.02048,0.023671,-0.020157
0.015292,-0.017901,0.016904,-0.022091,0.019482,-0.026603
0.018193,-0.019835,0.020771,-0.02757,0.010458,-0.022091
0.016581,-0.02048,0.013036,-0.020157,0.013036,-0.024669
0.016259,-0.022413,0.0056242,-0.016612,0.013681,-0.026603
0.01497,-0.021769,0.0020792,-0.019513,0.013036,-0.024669
0.010458,-0.02048,0.0033683,-0.019513,0.012392,-0.022735
0.0094914,-0.022413,-0.00082122,-0.014034,0.014325,-0.031437
0.012392,-0.024025,0.0088468,-0.016935,0.0098136,-0.032726
0.00788,-0.022413,0.014648,-0.027247,0.01207,-0.032081
0.0075578,-0.025314,0.011747,-0.022091,0.012392,-0.031759
0.0082023,-0.025636,0.01497,-0.012423,0.013681,-0.025314
0.0062687,-0.03047,0.011103,-0.019191,0.016904,-0.024669
0.0085246,-0.028859,0.015614,-0.019835,0.018193,-0.03047
0.0059464,-0.024347,0.019159,-0.02338,0.022382,-0.038527
0.0036905,-0.022735,0.020449,-0.016612,0.027216,-0.031114
0.0027237,-0.020802,0.020449,-0.018546,0.026249,-0.02628
0.012392,-0.024025,0.021415,-0.017579,0.019482,-0.02757
0.014003,-0.028859,0.019804,-0.015646,0.017548,-0.026603
0.0085246,-0.027247,0.018515,-0.017257,0.021738,-0.03047
0.0088468,-0.023702,0.012714,-0.015323,0.023671,-0.027247
0.010136,-0.021446,0.011425,-0.012423,0.024638,-0.028859
0.013036,-0.020802,0.015937,-0.014357,0.027538,-0.024025
0.013681,-0.023702,0.016581,-0.0085557,0.023993,-0.016935
0.01497,-0.029181,0.015292,-0.0043662,0.019804,-0.021769
0.016904,-0.033048,0.014325,-0.0092002,0.025927,-0.031114
0.015292,-0.033048,0.016581,-0.021446,0.022704,-0.036915
0.00788,-0.025636,0.016259,-0.029825,0.021093,-0.03756
0.011747,-0.023058,0.018515,-0.018224,0.023993,-0.032726
0.017548,-0.010167,0.020771,-0.016935,0.022382,-0.026925
0.01787,-0.0027548,0.01787,-0.020157,0.020449,-0.030792
0.015614,-0.0043662,0.015292,-0.015646,0.022704,-0.029825
0.01207,-0.011778,0.02915,-0.015001,0.016581,-0.024025
0.015937,-0.012745,0.03205,-0.012101,0.016904,-0.026925
0.01787,-0.020157,-0.0075889,-0.0069443,0.020449,-0.025314
0.013681,-0.019513,0.00788,-0.011456,0.018515,-0.018868
0.01078,-0.017579,0.016581,-0.010812,0.016581,-0.027892
0.0088468,-0.02338,0.011747,-0.0095225,0.012714,-0.034337
0.0062687,-0.021769,0.026572,-0.03047,0.0072355,-0.029503
0.00788,-0.020157,0.035917,-0.024991,0.014003,-0.033048
0.0069132,-0.022091,0.021093,-0.014357,0.022382,-0.030148
0.0082023,-0.028214,0.0094914,-0.018224,0.019482,-0.031437
0.010136,-0.026925,0.020449,-0.020157,0.01078,-0.025314
-0.00017668,-0.028214,0.016259,-0.015001,-0.0043662,-0.025958
0.0033683,-0.022735,0.018193,-0.0088779,-0.0062998,-0.027892
0.0062687,-0.021769,0.018193,-0.010167,0.042041,-0.021446
0.0082023,-0.024025,0.018837,-0.010167,0.090059,-0.015968
0.010458,-0.025314,0.015292,-0.010167,0.073301,-0.021446
0.0059464,-0.029503,0.013359,-0.01629,0.041396,-0.024991
0.01207,-0.030148,0.0085246,-0.015646,0.030439,-0.022735
0.011425,-0.028859,0.01497,-0.0092002,0.027538,-0.02338
0.012714,-0.02628,0.013036,-0.010812,0.021415,-0.017257
0.011425,-0.027247,0.011747,-0.015968,0.018515,-0.019191
0.0082023,-0.028536,0.015614,-0.016935,0.013681,-0.024991
0.0085246,-0.027247,0.017548,-0.022735,0.015292,-0.021769
0.00788,-0.026603,0.013359,-0.024347,0.012392,-0.025636
0.0091691,-0.024669,0.012392,-0.021124,0.012392,-0.024347
0.01207,-0.02757,0.013681,-0.024025,0.017548,-0.024669
0.011103,-0.022413,0.013359,-0.02048,0.018193,-0.025958
0.011103,-0.016935,0.014325,-0.015323,0.017226,-0.017901
0.01497,-0.015323,0.01078,-0.013712,0.019804,-0.024025
0.011425,-0.019513,0.013681,-0.01629,0.019804,-0.026603
0.012714,-0.018868,0.015292,-0.020802,0.015937,-0.023058
0.016904,-0.018868,0.010136,-0.024669,0.015937,-0.031759
0.012714,-0.020802,0.018837,-0.019835,0.023349,-0.038527
0.011103,-0.019513,0.021415,-0.019191,0.024638,-0.032081
0.018515,-0.022091,0.019159,-0.019513,0.020771,-0.024347
0.019159,-0.023058,0.018837,-0.015968,0.01787,-0.024025
0.017548,-0.019191,0.021415,-0.017579,0.019159,-0.028859
0.013036,-0.020802,0.019159,-0.017579,0.01787,-0.024669
0.01497,-0.023702,0.020771,-0.015968,0.018193,-0.024347
0.015614,-0.018868,0.015292,-0.010489,0.019804,-0.02757
0.0082023,-0.02048,0.016904,-0.010489,0.025283,-0.026925
0.0072355,-0.020157,0.018515,-0.0085557,0.025283,-0.029503
0.0040128,-0.024669,0.01787,-0.013067,0.024638,-0.024347
0.0014347,-0.022413,0.01787,-0.015001,0.021738,-0.021446
0.0075578,-0.024991,0.01787,-0.015646,0.014648,-0.025636
0.00788,-0.020157,0.019159,-0.0072666,0.018515,-0.026925
0.0075578,-0.019835,0.019804,-0.013067,0.018837,-0.028214
0.0011124,-0.022735,0.015937,-0.024991,0.019804,-0.024669
0.0072355,-0.02048,0.018193,-0.0088779,0.022704,-0.028536
0.006591,-0.019513,0.020126,-0.010812,0.01787,-0.029825
0.0085246,-0.025958,0.018193,-0.014357,0.022704,-0.027892
0.014325,-0.02757,0.013359,-0.021124,0.022382,-0.034982
0.014003,-0.024669,0.014003,-0.012101,0.019482,-0.028536
0.011747,-0.028214,0.016581,-0.011778,0.017548,-0.030792
0.0088468,-0.02757,0.015937,-0.018224,0.016259,-0.025314
0.0098136,-0.016935,0.013681,-0.019835,0.011103,-0.035949
0.01497,-0.019513,0.013359,-0.018224,0.0094914,-0.031759
0.012392,-0.021446,0.011747,-0.01629,0.0088468,-0.029825
0.012392,-0.02338,0.010458,-0.0088779,0.012714,-0.034659
0.015614,-0.025314,0.013359,-0.01629,0.02496,-0.033693
0.015614,-0.022735,0.015292,-0.013712,0.039462,-0.032404
0.016904,-0.023058,0.013681,-0.012745,0.051064,-0.031437
0.019159,-0.021124,0.019159,-0.0095225,0.03624,-0.025314
0.018515,-0.025958,0.019482,-0.012423,0.021415,-0.022091
0.013036,-0.022413,0.01497,-0.01629,0.02206,-0.021124
0.01497,-0.022091,0.015614,-0.016935,0.038496,-0.024991
0.017548,-0.023058,0.016259,-0.012101,0.05622,-0.029181
0.016259,-0.022091,0.014648,-0.020157,0.052353,-0.028536
0.013681,-0.023058,0.01787,-0.024025,0.035273,-0.031114
0.0094914,-0.021124,0.012392,-0.012101,0.016259,-0.029503
0.011425,-0.011134,0.011747,-0.0050107,0.0049796,-0.022413
0.011103,-0.014357,0.018837,-0.005333,0.0043351,-0.02048
0.0069132,-0.023058,0.015292,-0.012423,0.025283,-0.02048
0.0024015,-0.022735,0.018515,-0.015001,0.012714,-0.021124
0.0036905,-0.022413,0.018837,-0.015646,-0.01629,-0.028859
0.0014347,-0.028536,0.019482,-0.011778,0.0082023,-0.029181
-0.0030771,-0.028536,0.015292,-0.017901,0.014003,-0.031437
0.0014347,-0.022735,0.016904,-0.03047,0.0011124,-0.029503
0.0040128,-0.022091,0.013359,-0.02338,0.0075578,-0.028214
0.0082023,-0.022091,0.017226,-0.014034,0.01207,-0.03047
0.0085246,-0.022413,0.018837,-0.025314,0.00046785,-0.021769
0.0075578,-0.023702,0.014003,-0.019191,-0.0050107,-0.016935
0.0062687,-0.021446,0.010458,-0.021124,-0.0021103,-0.028536
0.006591,-0.018868,0.013681,-0.017901,0.014325,-0.027892
0.00788,-0.02048,0.016581,-0.015968,0.03205,-0.025636
0.0094914,-0.020802,0.019804,-0.021446,0.058798,-0.02048
0.010136,-0.021446,0.021415,-0.018546,0.062666,-0.021769
0.0053019,-0.024025,0.013681,-0.024669,0.059443,-0.02048
0.0085246,-0.024991,0.0098136,-0.025958,0.052031,-0.022735
0.01078,-0.021446,0.0056242,-0.023058,0.040429,-0.018224
0.010458,-0.017901,0.0091691,-0.018224,0.019482,-0.019513
0.01207,-0.019835,0.012392,-0.022735,0.0017569,-0.025958
0.0088468,-0.025958,0.016259,-0.022091,0.0072355,-0.026603
0.0056242,-0.025958,0.017226,-0.018868,0.013359,-0.02757
0.010136,-0.028214,0.0075578,-0.011134,0.018515,-0.027247
0.013681,-0.022413,0.011747,-0.014034,0.019159,-0.030792
0.013681,-0.015968,0.01787,-0.012423,0.016904,-0.026925
0.021093,-0.020157,0.0062687,-0.016935,0.012714,-0.021769
0.020449,-0.020802,0.018837,-0.0098447,0.013036,-0.024025
0.017548,-0.024347,0.021738,-0.0075889,0.015292,-0.026925
0.013036,-0.018868,0.018193,-0.010167,0.017548,-0.030148
0.013036,-0.017257,0.020449,-0.015323,0.01497,-0.032726
0.014648,-0.021769,0.01787,-0.011778,0.012392,-0.028214
0.013681,-0.021769,0.015614,-0.0046884,0.017548,-0.029503
0.015937,-0.018546,0.01078,-0.0062998,0.018837,-0.026925
0.013036,-0.020802,0.0082023,-0.0082334,0.01787,-0.020157
0.0056242,-0.025636,0.018515,-0.010812,0.018837,-0.024025
0.0027237,-0.018546,0.020771,-0.011778,0.020771,-0.031114
0.006591,-0.015001,0.017226,-0.011778,0.021415,-0.031437
0.012392,-0.018546,0.017548,-0.0092002,0.019804,-0.025314
0.0069132,-0.02338,0.020449,-0.0056553,0.023671,-0.025636
0.0069132,-0.022091,0.019482,-0.0027548,0.022382,-0.023058
0.01078,-0.021124,0.015937,-0.016612,0.020126,-0.027247
0.012392,-0.022735,0.018515,-0.0079111,0.027861,-0.02757
0.014648,-0.025958,0.02206,-0.029503,0.026249,-0.025958
0.013036,-0.03047,0.023671,-0.029825,0.01787,-0.02757
0.012714,-0.030792,0.020126,-0.016612,0.025927,-0.031759
0.013036,-0.025636,0.018193,-0.021769,0.024316,-0.02628
0.013359,-0.024347,0.016581,-0.016935,0.020126,-0.024669
0.015937,-0.02338,0.020449,-0.019191,0.019482,-0.026925
0.01497,-0.026603,0.01787,-0.018868,0.022382,-0.032404
0.01497,-0.027247,0.016259,-0.02048,0.020771,-0.031437
0.012392,-0.028536,0.020449,-0.02048,0.018515,-0.031759
0.013036,-0.032081,0.021093,-0.02048,0.018193,-0.029181
0.014003,-0.032726,0.021738,-0.021769,0.020449,-0.031114
0.01497,-0.029181,0.017226,-0.019513,0.023027,-0.032404
0.015292,-0.028859,0.01787,-0.019835,0.027216,-0.033048
0.0088468,-0.029503,0.018515,-0.017901,0.025283,-0.027892
0.0082023,-0.025314,0.013359,-0.02048,0.021093,-0.029503
0.010458,-0.024025,0.014325,-0.020802,0.018837,-0.033048
0.010136,-0.031437,0.013681,-0.019835,0.019804,-0.029181
0.0082023,-0.032081,0.010458,-0.018224,0.018193,-0.031437
0.0085246,-0.024025,0.015614,-0.019835,0.021415,-0.031114
0.0056242,-0.018224,0.015614,-0.015001,0.023993,-0.024025
0.010458,-0.016935,0.012714,-0.014679,0.028505,-0.026925
0.014325,-0.0082334,0.016904,-0.012101,0.020771,-0.025636
0.017548,-0.0062998,0.021415,-0.017579,0.018515,-0.018868
0.015937,-0.016935,0.017226,-0.015968,0.022704,-0.022091
0.01787,-0.019191,0.01078,-0.015968,0.021738,-0.02338
0.021738,-0.020157,0.0046573,-0.017901,0.021093,-0.018546
0.014325,-0.027892,0.010136,-0.015323,0.023993,-0.024347
0.014325,-0.030792,0.027861,-0.015001,0.019159,-0.027247
0.0094914,-0.030792,0.035917,-0.014034,0.015614,-0.025314
0.0072355,-0.025958,0.016581,-0.015646,0.010458,-0.021446
0.0082023,-0.02048,-0.0014658,-0.015001,0.0046573,-0.024347
0.00079012,-0.0075889,0.012714,-0.017901,0.0091691,-0.02338
0.0049796,-0.0059775,0.021093,-0.019513,0.00788,-0.035304
0.0027237,-0.015646,0.025283,-0.018224,0.01207,-0.038204
0.0043351,-0.019835,0.020449,-0.016935,0.018837,-0.027892
0.0040128,-0.015001,0.014648,-0.015001,0.024316,-0.029181
0.0033683,-0.020157,0.012714,-0.0098447,0.030117,-0.03756
-0.0011435,-0.020802,0.013359,-0.010167,0.017548,-0.029181
-0.00017668,-0.021769,0.012392,-0.019513,0.042041,-0.023702
0.00046785,-0.019513,0.013036,-0.0085557,0.083935,-0.019835
0.0027237,-0.019513,0.011425,-0.0095225,0.053964,-0.024669
0.0059464,-0.020802,0.011425,-0.013712,0.042363,-0.025314
0.010136,-0.018868,0.016259,-0.017579,0.035917,-0.024669
0.006591,-0.01629,0.01497,-0.016612,0.039785,-0.023702
0.0082023,-0.019191,0.010136,-0.020157,0.038173,-0.025958
0.016259,-0.02048,0.014325,-0.020157,0.026572,-0.025636
0.015292,-0.023058,0.016259,-0.015646,-0.0011435,-0.019513
0.013359,-0.024347,0.015292,-0.017257,-0.021124,-0.019835
0.0098136,-0.022091,0.015614,-0.018546,0.0046573,-0.020157
0.019482,-0.019191,0.014325,-0.011456,0.012392,-0.015001
0.014325,-0.020157,0.015292,-0.016935,0.0053019,-0.020802
0.016581,-0.022413,0.016259,-0.010167,0.0033683,-0.015323
0.016259,-0.018868,0.016904,-0.0095225,0.0085246,-0.022413
0.0098136,-0.020157,0.014003,-0.03337,0.0043351,-0.029181
0.0088468,-0.024669,0.019159,-0.016612,0.018515,-0.02757
0.013359,-0.024669,0.015937,-0.012423,0.019482,-0.030792
0.013036,-0.029181,0.01207,-0.015968,0.020126,-0.032404
0.0075578,-0.021446,0.011425,-0.015323,0.022382,-0.031759
0.011103,-0.020157,0.0094914,-0.014357,0.019804,-0.035304
0.011747,-0.020802,0.013681,-0.011134,0.017548,-0.03337
0.0085246,-0.015968,0.020126,-0.013067,0.022382,-0.026603
0.0094914,-0.019835,0.020126,-0.017579,0.02915,-0.026925
0.011425,-0.026925,0.022382,-0.019513,0.041074,-0.028859
0.010458,-0.018868,0.020771,-0.012745,0.046552,-0.028859
0.0085246,-0.022735,0.019482,-0.0098447,0.047841,-0.030792
0.0075578,-0.022091,0.022382,-0.01339,0.027538,-0.02757
0.012392,-0.022091,0.017548,-0.010489,0.0069132,-0.028536
0.010136,-0.025314,0.013359,-0.014034,0.00788,-0.027892
0.0075578,-0.022735,0.0098136,-0.018868,0.011425,-0.029825
0.0056242,-0.023058,0.0091691,-0.024025,0.01497,-0.030148
0.010458,-0.031114,0.01787,-0.02628,0.00788,-0.024991
0.01787,-0.028859,0.019159,-0.015646,-0.012101,-0.02628
0.013359,-0.02628,0.011425,-0.022413,0.0040128,-0.025958
0.01207,-0.025636,0.015614,-0.024347,0.021093,-0.024669
0.018837,-0.030148,0.019159,-0.017901,0.02206,-0.02048
0.01787,-0.02338,0.014648,-0.017257,0.027216,-0.019191
0.016581,-0.021446,0.017548,-0.016935,0.026249,-0.023702
0.013681,-0.027247,0.020771,-0.018224,0.026894,-0.021124
0.019482,-0.022735,0.021415,-0.024025,0.030117,-0.023058
0.020449,-0.013067,0.017548,-0.017901,0.031406,-0.025958
0.012392,-0.017901,0.014648,-0.012745,0.02496,-0.014679
0.01078,-0.026603,0.014003,-0.01629,0.023993,-0.021446
0.0088468,-0.024347,0.011103,-0.01339,0.021738,-0.026925
0.016904,-0.024025,0.019159,-0.015968,0.025605,-0.031759
0.020449,-0.027247,0.01787,-0.015968,0.025927,-0.030148
0.011103,-0.019191,0.013036,-0.011456,0.028827,-0.026603
0.014648,-0.018546,0.016259,-0.0059775,0.02915,-0.022735
0.01497,-0.023058,0.014325,-0.0079111,0.015937,-0.02757
0.013036,-0.02338,0.01787,-0.012745,0.015614,-0.032081
0.01078,-0.021769,0.021415,-0.013067,0.023027,-0.031759
0.0072355,-0.022413,0.018193,-0.012101,0.023993,-0.033048
0.0020792,-0.018546,0.014325,-0.0088779,0.022704,-0.031114
0.0046573,-0.02048,0.01497,-0.014034,0.025283,-0.034982
0.0033683,-0.029181,0.014648,-0.016612,0.020449,-0.034982
0.0059464,-0.026925,0.019804,-0.022735,0.016904,-0.030148
0.0094914,-0.023702,0.017226,-0.021769,0.016259,-0.029503
0.0094914,-0.023058,0.013036,-0.017901,0.013036,-0.034337
0.0091691,-0.024025,0.011103,-0.019513,0.013681,-0.034337
0.013359,-0.021446,0.016259,-0.018868,0.01497,-0.028214
0.012714,-0.023058,0.019804,-0.015001,0.0069132,-0.021769
0.011103,-0.024025,0.013359,-0.010167,-0.00049895,-0.02338
0.0088468,-0.021446,0.015292,-0.012423,0.0024015,-0.019835
0.0056242,-0.024669,0.017548,-0.010167,0.0072355,-0.029181
0.0049796,-0.023058,0.0085246,-0.013067,0.00788,-0.028214
0.0024015,-0.024347,0.01078,-0.016935,0.00788,-0.029503
0.006591,-0.023058,0.016904,-0.01339,0.0069132,-0.026925
0.0062687,-0.022091,0.017548,-0.014357,0.017226,-0.027892
0.0043351,-0.020157,0.017226,-0.014034,0.03624,-0.024669
0.0075578,-0.019513,0.015937,-0.011778,0.054931,-0.028859
0.0056242,-0.023058,0.015937,-0.011456,0.05332,-0.019513
0.0059464,-0.023058,0.012714,-0.013067,0.059121,-0.021769
0.012714,-0.02048,0.013359,-0.005333,0.096504,-0.02628
0.01207,-0.018868,0.012392,-0.0046884,0.085869,-0.026603
0.01497,-0.024347,0.014325,-0.015968,0.01787,-0.02757
0.0098136,-0.029503,0.01497,-0.024025,0.0020792,-0.023702
0.013036,-0.023058,0.01497,-0.015968,0.012714,-0.026925
0.018515,-0.023058,0.011425,-0.022735,0.0094914,-0.031437
0.016581,-0.022091,0.013036,-0.023702,0.025283,-0.024991
0.016581,-0.017579,0.015292,-0.018868,0.023993,-0.026603
0.022704,-0.016612,0.012714,-0.024025,0.017226,-0.026603
0.016904,-0.019191,0.011425,-0.026603,0.013036,-0.023702
0.0082023,-0.019513,0.017226,-0.02338,0.015937,-0.026603
0.0040128,-0.023058,0.017226,-0.021446,0.016259,-0.02757
0.00079012,-0.03047,0.018837,-0.021124,0.013359,-0.03337
-0.00017668,-0.025636,0.015292,-0.025958,0.014003,-0.03047
0.0085246,-0.028214,0.014325,-0.02048,0.01078,-0.031759
0.02206,-0.025314,0.015292,-0.024347,0.0085246,-0.030792
0.022704,-0.025314,0.014648,-0.018224,0.0088468,-0.031759
0.016259,-0.022091,0.013681,-0.01339,0.014325,-0.024025
0.016904,-0.018546,0.011103,-0.01339,0.0075578,-0.023058
0.019804,-0.023058,0.011103,-0.015323,0.0085246,-0.026603
0.015614,-0.02048,0.012392,-0.015323,0.01207,-0.028214
0.011747,-0.021446,0.011747,-0.01339,0.014325,-0.024669
0.0098136,-0.024025,0.012714,-0.010167,0.018837,-0.019835
0.0075578,-0.024347,0.016259,-0.0092002,0.016581,-0.017257
-0.00017668,-0.024991,0.016259,-0.0098447,0.015292,-0.025636
0.0049796,-0.025314,0.016259,-0.019513,0.018837,-0.024347
0.0049796,-0.024991,0.013681,-0.025636,0.017226,-0.030148
0.0043351,-0.022735,0.011103,-0.022735,0.015937,-0.023702
0.0085246,-0.020157,0.015937,-0.023058,0.021738,-0.019191
0.0059464,-0.02338,0.015292,-0.020157,0.027216,-0.023058
0.0085246,-0.019835,0.020449,-0.014679,0.02915,-0.025958
0.0036905,-0.017901,0.021738,-0.013067,0.027216,-0.021769
-0.001788,-0.027247,0.016904,-0.016612,0.020126,-0.028536
0.003046,-0.029503,0.025283,-0.016935,0.015614,-0.024347
-0.001788,-0.03047,0.028183,-0.016935,0.015292,-0.018868
0.00079012,-0.029181,0.025605,-0.0095225,0.011103,-0.024669
0.0056242,-0.024025,0.027216,-0.014034,0.00046785,-0.025314
0.0082023,-0.01339,0.014003,-0.023702,0.003046,-0.02628
0.0094914,-0.010489,-0.0027548,-0.013067,0.035917,-0.026603
0.006591,-0.011456,0.011103,-0.014357,0.066533,-0.028214
0.0062687,-0.018224,0.028505,-0.011134,0.046552,-0.034982
0.0098136,-0.016612,0.013036,-0.010489,0.029794,-0.029181
0.011103,-0.017579,0.0043351,-0.012101,0.025927,-0.029503
0.01207,-0.018868,0.00046785,-0.01339,0.01787,-0.034015
