0.01078,-0.02048,0.019159,-0.065919,0.057509,-0.018546
0.01787,-0.015323,0.034951,-0.019835,0.081035,-0.016612
0.016259,-0.013067,0.031083,-0.012101,0.08748,-0.024347
0.0094914,-0.02048,0.014003,-0.0059775,0.040107,-0.028214
0.013359,-0.019835,0.017548,-0.014679,0.018515,-0.028214
0.01078,-0.020802,0.018837,-0.05464,0.0075578,-0.029181
0.0088468,-0.02338,0.0098136,-0.05174,0.0094914,-0.029825
0.0088468,-0.024991,0.0069132,-0.086545,0.020126,-0.029825
0.0091691,-0.02628,0.00046785,-0.10201,-0.0046884,-0.033693
0.0094914,-0.025314,-0.00082122,0.0098136,-0.026603,-0.034659
0.00788,-0.022091,0.0072355,0.028183,-0.036593,-0.031437
0.0049796,-0.024669,0.014003,-0.0014658,-0.02757,-0.034015
0.0040128,-0.029181,0.0056242,0.0085246,0.017548,-0.02757
0.0069132,-0.027892,0.011103,-0.021769,0.070722,-0.02048
0.014003,-0.019835,0.030117,0.074267,0.10134,-0.013712
0.023349,-0.010489,0.042041,0.13872,0.10134,-0.00049895
0.022704,-0.0098447,0.033984,-0.062052,0.074912,-0.0050107
0.013681,-0.018868,0.019804,-0.027247,0.022382,-0.02048
0.014003,-0.018868,0.01497,-0.072043,-0.02048,-0.025958
0.011103,-0.021124,0.012392,-0.12135,-0.026925,-0.029181
0.0072355,-0.021769,0.012714,-0.12425,-0.020802,-0.028214
0.0085246,-0.021446,0.012714,-0.010489,0.0082023,-0.029181
0.0059464,-0.02338,0.01787,0.087803,0.04913,-0.030792
0.0046573,-0.024025,0.012714,0.10166,0.045908,-0.030792
0.0069132,-0.024669,0.01787,0.023027,0.031728,-0.03047
0.01207,-0.02338,0.003046,-0.0037216,0.021093,-0.026603
0.013036,-0.021769,0.0069132,-0.02757,0.019482,-0.02757
0.0059464,-0.02757,0.0033683,-0.059796,0.0053019,-0.03337
0.0082023,-0.026603,0.012714,-0.0037216,-0.00049895,-0.032404
0.014648,-0.017901,0.026572,0.082002,0.031406,-0.023058
0.020449,-0.011456,0.023027,-0.01629,0.057187,-0.015323
0.013359,-0.01339,0.039785,-0.03756,0.037851,-0.022091
0.0069132,-0.024025,0.033984,-0.065597,0.0027237,-0.032081
0.0085246,-0.024669,0.016581,-0.084933,0.0020792,-0.029503
0.0088468,-0.02338,0.0046573,-0.067209,-0.00049895,-0.02628
0.0091691,-0.024669,0.0085246,-0.068175,-0.0027548,-0.030148
0.00788,-0.02628,0.013681,-0.011456,0.0049796,-0.029181
0.0072355,-0.027247,0.0043351,0.0069132,-0.0062998,-0.031114
0.010136,-0.022413,0.028183,0.08039,0.049453,-0.025314
0.012392,-0.024669,0.020771,0.075556,0.09167,-0.02048
0.0098136,-0.025636,0.0072355,-0.010812,0.018193,-0.025636
0.014003,-0.021446,0.015292,-0.028214,0.0059464,-0.02628
0.015292,-0.016612,0.011425,-0.10814,0.0043351,-0.024347
0.019159,-0.015001,0.026572,-0.10459,0.011747,-0.019191
0.015614,-0.01339,0.02496,0.0020792,0.017226,-0.019835
0.0085246,-0.019835,0.01497,-0.0040439,0.033339,-0.025314
0.0088468,-0.021769,0.021415,-0.077521,0.021738,-0.02338
0.012392,-0.019835,0.019159,-0.070109,0.02206,-0.022413
0.013681,-0.020802,0.011103,-0.11619,0.03624,-0.02048
0.014325,-0.020802,0.012392,-0.013067,0.043974,-0.023058
0.011425,-0.019513,0.013359,0.07749,0.031728,-0.024025
0.0098136,-0.022091,0.0059464,0.052675,0.03624,-0.02757
0.006591,-0.022413,0.006591,0.044619,0.033339,-0.028214
0.0053019,-0.028214,0.014325,-0.012423,0.012392,-0.032726
0.0043351,-0.028859,0.018837,-0.021769,0.0098136,-0.032404
0.0040128,-0.025314,0.0053019,-0.001788,0.010458,-0.031759
0.0049796,-0.02338,0.013036,-0.052062,-0.0095225,-0.030792
0.003046,-0.021769,0.055576,0.08168,-0.011134,-0.03337
0.0072355,-0.025636,0.0085246,0.08168,-0.0040439,-0.032404
0.0056242,-0.027892,0.0020792,-0.063986,0.034628,-0.027892
0.011103,-0.023058,0.0043351,-0.13037,0.050097,-0.02338
0.014325,-0.018546,0.0043351,-0.1887,0.00079012,-0.016935
0.019482,-0.012101,0.028827,-0.10781,0.021415,-0.015968
0.018837,-0.015646,0.034306,0.096504,0.057187,-0.017257
0.01497,-0.023058,0.021415,0.18706,0.039785,-0.024669
0.01078,-0.025636,0.014325,-0.031437,0.02915,-0.028214
0.014003,-0.018868,0.021738,-0.12393,0.0075578,-0.022091
0.016259,-0.015968,0.023671,-0.098469,0.023671,-0.021769
0.011747,-0.019191,0.01787,0.052998,0.042041,-0.02628
0.0082023,-0.024025,0.00079012,0.077812,0.038818,-0.029825
0.0072355,-0.031114,0.0033683,0.091348,0.060732,-0.025958
0.0082023,-0.031114,0.021093,-0.0062998,0.034628,-0.026603
0.00788,-0.022413,0.015937,-0.060119,0.020449,-0.025636
0.0094914,-0.015323,0.02206,-0.034015,0.016904,-0.030148
0.015292,-0.021124,0.025927,0.034628,0.027861,-0.025636
0.014003,-0.024991,0.016259,-0.077843,0.01787,-0.025314
0.011103,-0.024991,0.011425,-0.047228,0.0011124,-0.028536
0.0082023,-0.024025,0.006591,0.031728,0.0011124,-0.028859
0.0053019,-0.027247,-0.0033994,0.0046573,0.0020792,-0.032726
0.0059464,-0.031437,-0.015001,-0.0033994,0.006591,-0.03337
0.0082023,-0.02628,-0.0046884,-0.00017668,0.0088468,-0.032726
0.010458,-0.020802,0.01497,-0.1178,0.015937,-0.02628
0.020126,-0.010812,0.039462,-0.098469,0.031406,-0.014357
0.019804,-0.0085557,0.054609,-0.053673,0.025283,-0.015323
0.0098136,-0.016612,0.021093,-0.056896,0.022382,-0.024669
0.0046573,-0.021124,0.023349,0.081357,0.017548,-0.033048
0.0082023,-0.019513,0.028505,-0.031437,0.0085246,-0.030792
0.0072355,-0.019835,0.023671,0.037529,0.01787,-0.03047
0.0098136,-0.021124,0.014325,-0.0066221,0.022382,-0.027247
0.0094914,-0.022735,0.011103,-0.079133,0.015614,-0.032081
0.0053019,-0.024347,0.013681,-0.12651,-0.0079111,-0.033048
0.00788,-0.022735,0.024316,-0.028214,0.0020792,-0.029825
0.0098136,-0.021124,0.027861,0.072978,0.02496,-0.023702
0.013359,-0.021446,0.0094914,0.041718,0.047841,-0.020157
0.014648,-0.021124,0.010136,-0.016935,0.051709,-0.017579
0.00788,-0.024991,0.014325,-0.087511,0.035595,-0.024347
0.014325,-0.022091,0.012714,0.027216,0.023027,-0.024991
0.013681,-0.019513,0.015614,0.049453,0.032372,-0.017901
0.0098136,-0.023702,0.0062687,-0.0040439,0.031083,-0.025314
0.00788,-0.029181,-0.018224,-0.062697,0.030439,-0.032081
0.0091691,-0.027892,-0.0085557,-0.082677,0.035595,-0.027247
0.014648,-0.022413,0.022382,-0.050128,0.031083,-0.019835
0.016581,-0.015968,0.049453,0.021093,0.017226,-0.022413
0.014648,-0.015323,0.044941,0.10327,0.00788,-0.026925
0.00788,-0.024991,0.013036,0.040107,0.011747,-0.032404
0.0069132,-0.023702,0.020771,-0.043038,0.01787,-0.026925
0.012714,-0.02048,0.00788,-0.023058,-0.001788,-0.022091
0.012714,-0.021446,0.01207,-0.02628,-0.012745,-0.021446
0.0098136,-0.024991,0.01207,-0.073009,-0.016612,-0.031114
0.0098136,-0.022735,0.00046785,0.021093,-0.0066221,-0.033048
0.0094914,-0.024991,0.0014347,0.082969,0.056865,-0.027892
0.0098136,-0.022091,0.040107,-0.0033994,0.077168,-0.021446
0.011747,-0.022091,0.019804,-0.13037,0.049775,-0.019835
0.014003,-0.021124,0.013036,-0.15132,0.056543,-0.016612
0.011425,-0.025958,0.0014347,-0.077521,0.0062687,-0.023702
0.0027237,-0.031759,-0.01339,-0.11394,-0.031437,-0.032404
0.003046,-0.03047,-0.0037216,-0.086222,-0.014357,-0.034659
0.0062687,-0.027892,0.017548,0.11938,0.026894,-0.033693
0.01078,-0.023702,0.035273,0.18513,0.076201,-0.02338
0.019482,-0.015323,0.035273,0.10875,0.082002,-0.011456
0.027861,-0.0092002,0.047841,0.0027237,0.071045,-0.0062998
0.018193,-0.015001,0.04333,-0.025636,0.040429,-0.016612
0.01078,-0.029181,0.019159,-0.15648,0.01078,-0.024025
0.0091691,-0.041749,0.0049796,-0.082033,0.0017569,-0.030792
0.0056242,-0.041427,-0.0066221,-0.028536,-0.0037216,-0.032081
0.0043351,-0.036593,0.018837,0.0053019,-0.0027548,-0.030148
0.0082023,-0.015323,0.041074,-0.015646,-0.0011435,-0.029181
0.0059464,0.0094914,0.017548,0.014648,-0.013067,-0.032404
0.0062687,-0.0011435,0.0085246,0.041718,-0.01339,-0.032726
0.0098136,-0.0085557,0.015614,-0.061408,0.0036905,-0.028214
0.011103,0.011747,-0.00049895,-0.25735,0.044296,-0.026925
0.011103,-0.014357,0.01078,-0.053673,0.051064,-0.024025
0.0053019,-0.036271,0.00014558,0.1761,0.023671,-0.029825
0.0069132,-0.034337,-0.0088779,0.11681,0.019804,-0.030148
0.014648,-0.014034,0.010458,0.090059,0.040429,-0.021769
0.021738,-0.0021103,0.050097,0.072334,0.044619,-0.014679
0.016904,-0.01629,-0.0050107,-0.049806,0.021738,-0.022413
0.0082023,-0.025958,0.033984,0.097793,0.020771,-0.032081
0.0085246,-0.027247,0.061377,-0.080099,0.034306,-0.03047
0.015937,-0.027247,0.018515,-0.11233,0.037851,-0.019835
0.01078,-0.034659,0.020126,-0.05883,0.025927,-0.02628
0.0040128,-0.039493,0.029794,-0.096213,-0.0062998,-0.034015
0.006591,-0.037238,-0.0014658,-0.13005,-0.022735,-0.032404
0.0094914,-0.030148,0.0049796,-0.16518,-0.011134,-0.028536
0.0091691,-0.028214,-0.0088779,-0.046906,0.021738,-0.025958
0.0043351,-0.028214,-0.019835,0.032695,0.034628,-0.03047
0.014648,-0.017901,0.02915,0.085225,0.03914,-0.018224
0.018515,-0.014679,0.036562,0.031406,0.04623,-0.015968
0.014003,-0.019513,0.013681,0.068144,0.044296,-0.020157
0.012392,-0.032081,0.018193,-0.038204,0.030117,-0.02628
0.011425,-0.030148,0.029794,-0.044972,0.024638,-0.022735
0.0036905,-0.021769,0.022704,-0.030792,0.024316,-0.031437
0.0040128,-0.018224,0.019159,-0.027892,0.031406,-0.031437
0.0094914,-0.022413,0.01497,0.023993,0.034951,-0.027247
0.012392,-0.019513,0.011425,0.0011124,0.015292,-0.023702
0.013359,-0.025636,0.0075578,-0.027247,-0.00082122,-0.028536
0.011103,-0.023058,0.01078,-0.022735,-0.0030771,-0.029181
0.011747,-0.021446,0.0062687,-0.039171,-0.0040439,-0.027247
0.01207,-0.019835,0.0082023,-0.024025,0.018193,-0.021124
0.012714,-0.016935,0.025605,-0.012423,0.018193,-0.02338
0.011747,-0.018224,0.020126,0.058154,0.003046,-0.024347
0.013359,-0.022735,0.0088468,0.0088468,0.0091691,-0.025636
0.012714,-0.019835,0.014648,0.01078,0.00788,-0.026603
0.0091691,-0.020157,0.010136,-0.015323,0.033984,-0.027247
0.0062687,-0.02628,0.0049796,-0.017579,0.072334,-0.032081
0.0059464,-0.028214,-0.0011435,-0.070109,0.01497,-0.034982
0.0049796,-0.026603,0.0072355,-0.072043,-0.010489,-0.031759
0.01207,-0.016935,0.016259,-0.060763,0.015292,-0.022735
0.013681,-0.018224,-0.00082122,-0.0066221,0.01207,-0.02338
0.01497,-0.015646,-0.0030771,0.070722,0.033662,-0.018868
0.010458,-0.020157,0.0091691,-0.03047,0.032695,-0.02757
0.0088468,-0.024025,0.067177,-0.028214,0.010136,-0.03047
0.012714,-0.019513,0.035917,-0.043361,-0.013067,-0.022413
0.019159,-0.01629,0.026249,-0.014034,0.033017,-0.015646
0.018837,-0.015001,0.057187,0.026249,0.072334,-0.015323
0.014003,-0.018546,0.018193,0.00014558,0.07459,-0.021124
0.011425,-0.019513,0.015937,-0.048195,0.071367,-0.024669
0.0091691,-0.02048,0.01497,-0.031114,0.072011,-0.025636
0.0094914,-0.02338,0.018837,0.003046,0.032372,-0.029825
0.0059464,-0.026603,0.0094914,0.016259,0.0033683,-0.039816
0.0049796,-0.02757,0.0098136,-0.037882,0.0011124,-0.036593
0.0059464,-0.028859,0.018515,-0.06173,0.0046573,-0.031114
0.010458,-0.030148,0.012392,-0.082033,0.0017569,-0.027247
0.0072355,-0.02757,0.0040128,-0.037238,0.0014347,-0.027247
0.006591,-0.0095225,0.02496,-0.00049895,0.003046,-0.027247
0.0082023,-0.017901,0.018515,-0.070109,-0.0075889,-0.030792
0.013036,-0.024025,0.0088468,-0.0030771,0.003046,-0.025636
0.010458,-0.021124,0.010458,0.0024015,0.011747,-0.025636
0.0094914,-0.021769,0.014003,-0.088156,0.037851,-0.024669
0.0091691,-0.020157,0.01497,0.047519,0.039785,-0.022091
0.0072355,-0.02338,0.0043351,0.037529,0.01207,-0.025636
0.0059464,-0.029181,-0.02338,-0.042394,-0.014357,-0.03047
0.0088468,-0.02757,-0.012423,-0.048517,-0.017257,-0.028859
0.01497,-0.017257,0.029794,-0.017257,0.019482,-0.02048
0.020126,-0.0075889,0.050742,0.028827,0.062988,-0.012423
0.01207,-0.017901,0.044619,0.045263,0.048164,-0.023058
0.0062687,-0.025958,0.014648,0.10424,0.035917,-0.026925
0.0069132,-0.027247,0.018837,0.016904,0.037206,-0.028536
0.0033683,-0.031114,0.0082023,0.052353,0.022382,-0.033693
0.00788,-0.029181,-0.0056553,-0.045617,0.0082023,-0.027892
0.016904,-0.018868,0.014648,-0.12264,0.022382,-0.02048
0.017226,-0.01629,0.026894,-0.13617,-0.012745,-0.022413
0.016904,-0.018224,0.026249,-0.17259,-0.019835,-0.027247
0.018837,-0.014679,0.023993,-0.02757,0.019804,-0.022413
0.017548,-0.01339,0.039462,0.22251,0.071367,-0.019835
0.015614,-0.015968,0.041074,0.082969,0.053642,-0.021124
0.011747,-0.021446,0.019804,-0.042072,0.012392,-0.021124
0.00788,-0.022413,0.0040128,-0.020157,0.014325,-0.023702
0.01078,-0.022735,0.011103,-0.14455,0.0017569,-0.028536
0.00788,-0.027892,0.0033683,-0.058507,0.025605,-0.031437
0.0091691,-0.025958,0.0020792,0.021738,0.052675,-0.030792
0.011103,-0.024991,-0.0033994,0.064922,0.03624,-0.024991
0.011425,-0.022091,0.02915,-0.0030771,0.038496,-0.025636
0.011747,-0.019835,0.046875,-0.038204,0.024638,-0.024347
0.0094914,-0.022091,0.021093,-0.0040439,0.041718,-0.02338
0.010136,-0.024669,0.0072355,-0.02757,0.042041,-0.02757
0.0075578,-0.026925,0.0072355,-0.025314,0.034951,-0.031114
0.006591,-0.025636,0.0098136,-0.02628,0.039785,-0.027247
0.013036,-0.024347,0.0020792,-0.059152,0.026572,-0.025314
0.0085246,-0.026603,0.011103,-0.037238,0.018193,-0.028214
0.0069132,-0.026925,0.015614,0.0072355,-0.0037216,-0.029181
0.0069132,-0.028536,0.0091691,-0.025636,-0.01629,-0.030148
0.0075578,-0.027892,0.0036905,-0.074298,-0.021124,-0.029503
0.0082023,-0.024991,0.00788,-0.023058,-0.0079111,-0.027247
0.014003,-0.017579,0.013359,-0.032726,0.038496,-0.023702
0.01497,-0.017901,0.014003,0.051709,0.055254,-0.022735
0.010458,-0.022413,-0.0033994,-0.042072,-0.0011435,-0.030792
0.0043351,-0.022413,0.028505,-0.036593,-0.019513,-0.034982
0.013036,-0.017579,0.031406,0.035595,0.0049796,-0.024991
0.015614,-0.01629,0.02206,-0.039816,0.028505,-0.018868
0.016259,-0.017901,0.01497,-0.057218,0.041718,-0.015968
0.017548,-0.013067,0.037206,0.095215,0.047197,-0.015968
0.013036,-0.016935,0.040107,0.0082023,0.025927,-0.029181
0.011103,-0.021124,0.023671,-0.029181,0.0072355,-0.033048
0.011747,-0.024347,0.011747,-0.024991,0.0069132,-0.027247
0.010458,-0.023702,0.0059464,-0.054318,0.018515,-0.024991
0.0091691,-0.022735,0.0098136,-0.02628,0.03624,-0.025958
0.011103,-0.021124,0.00046785,0.0043351,0.040429,-0.023058
0.0091691,-0.021769,0.0043351,0.033662,0.045585,-0.024025
0.0088468,-0.023058,0.027861,0.026249,0.022704,-0.028214
0.0082023,-0.026603,0.0091691,-0.047872,0.012392,-0.027247
0.0085246,-0.025958,0.0059464,-0.064953,-0.0011435,-0.027247
0.00788,-0.026925,0.013036,-0.049806,0.0017569,-0.03047
0.0088468,-0.023702,0.006591,-0.0085557,0.011747,-0.029503
0.0033683,-0.027892,0.0033683,0.039785,0.02915,-0.034659
0.0046573,-0.023058,0.01207,-0.015001,0.050742,-0.028536
0.017226,-0.011134,0.034951,-0.0069443,0.060088,-0.015646
0.010136,-0.018546,0.014325,-0.018546,0.02206,-0.024347
0.011425,-0.017257,0.025283,-0.047872,0.015614,-0.023058
0.0088468,-0.023058,0.017548,-0.11007,-0.0046884,-0.030148
0.0094914,-0.022091,0.015292,-0.10878,0.0043351,-0.028214
0.015614,-0.014679,0.040751,-0.04755,0.030439,-0.020802
0.013036,-0.015001,0.042041,0.026249,0.017548,-0.023058
0.0091691,-0.027892,0.0085246,0.085225,0.014325,-0.02757
0.016581,-0.024347,0.0082023,-0.026925,0.010136,-0.021446
0.014003,-0.023702,-0.00017668,-0.073009,-0.01339,-0.025314
0.0059464,-0.028214,-0.0027548,-0.06173,0.0036905,-0.028214
0.0085246,-0.023702,0.020449,0.014325,0.048486,-0.021124
0.013036,-0.019513,0.033017,0.17256,0.078457,-0.01629
0.01497,-0.02048,0.031728,0.12744,0.079101,-0.022735
0.016904,-0.019835,0.020449,-0.043038,0.044296,-0.025636
0.011747,-0.021124,0.00788,-0.072365,-0.019513,-0.033048
0.0072355,-0.02338,0.016259,-0.025314,-0.032081,-0.032404
0.0049796,-0.028214,0.020126,0.047519,-0.022735,-0.035949
0.0049796,-0.031437,0.0094914,0.00014558,-0.0082334,-0.03756
0.0062687,-0.034015,0.0053019,-0.036593,0.036562,-0.030148
0.0085246,-0.03337,-0.011456,-0.12006,0.04913,-0.024669
0.0098136,-0.021446,0.0027237,-0.10169,0.0056242,-0.023702
0.01078,-0.013712,0.021093,0.058798,0.012392,-0.024669
0.015614,-0.015323,0.02915,0.027538,0.072011,-0.013067
0.024316,-0.010489,0.041718,-0.087511,0.12293,-0.0021103
0.014003,-0.019191,0.0094914,-0.036593,0.089414,-0.017579
0.014003,-0.014679,0.023349,-0.084611,0.019804,-0.022413
0.013681,-0.01339,0.027861,-0.05464,0.017226,-0.025636
0.0088468,-0.022091,0.026572,-0.073976,0.016581,-0.029181
0.011747,-0.019191,0.018515,-0.0030771,0.014003,-0.024347
0.011425,-0.018546,0.019482,0.083291,0.012714,-0.022735
0.0088468,-0.023058,0.025605,0.019804,0.011425,-0.028536
0.0024015,-0.027892,-0.00082122,-0.037882,-0.0062998,-0.034982
-0.0033994,-0.035626,-0.013712,-0.0027548,-0.0079111,-0.040138
-0.00049895,-0.034337,-0.011134,0.031083,-0.00082122,-0.040138
0.00788,-0.02628,-0.0072666,0.0704,0.018515,-0.029825
0.0088468,-0.023058,0.017548,0.09876,0.021093,-0.024991
0.019159,-0.0095225,0.059443,-0.048195,0.023027,-0.014679
0.023993,-0.0043662,0.058154,-0.19322,0.040107,-0.014679
0.015292,-0.019191,0.025605,-0.067853,0.018837,-0.024025
0.011747,-0.024669,0.0036905,-0.07172,-0.019191,-0.029181
0.01078,-0.025636,-0.0033994,-0.036271,-0.014034,-0.032404
0.0059464,-0.025958,0.017548,-0.033048,-0.0046884,-0.03047
0.012714,-0.020157,0.019159,-0.072687,0.019482,-0.024669
0.01207,-0.020802,0.01078,-0.029825,0.028827,-0.025636
0.0094914,-0.02048,0.0085246,-0.0011435,0.013036,-0.026925
0.0094914,-0.022413,0.014648,0.020771,0.017548,-0.02628
0.0098136,-0.021769,0.013681,-0.030148,0.021415,-0.026603
0.0098136,-0.020157,0.0091691,-0.10556,0.045908,-0.024991
0.0072355,-0.021124,0.01078,-0.0037216,0.053964,-0.024025
0.0056242,-0.02628,0.0091691,0.022704,0.033017,-0.032726
0.0027237,-0.027892,0.0062687,0.12486,0.021093,-0.034982
0.0040128,-0.03047,0.0020792,0.13099,0.013681,-0.033048
0.00788,-0.030148,-0.0021103,-0.016612,0.0027237,-0.030792
0.011747,-0.018868,0.02206,0.014003,0.014648,-0.021769
0.01497,-0.012101,0.043652,0.015292,0.02206,-0.016935
0.015292,-0.012101,0.016904,-0.14616,0.017548,-0.017901
0.011747,-0.017579,0.0033683,-0.15841,0.0014347,-0.023058
0.015292,-0.019513,0.018837,-0.073654,0.00014558,-0.025636
0.020126,-0.017579,0.042041,-0.011456,0.038496,-0.018868
0.015614,-0.019191,0.039785,0.0024015,0.051709,-0.023058
0.011103,-0.022413,0.024638,0.092637,0.062988,-0.02757
0.011103,-0.019835,0.016904,0.12422,0.057832,-0.024025
0.013359,-0.021769,0.0056242,0.052998,0.068144,-0.022091
0.011103,-0.026603,0.019482,-0.04755,0.048486,-0.024347
0.0059464,-0.027247,0.006591,-0.11136,0.0059464,-0.029825
0.0059464,-0.02757,-0.0082334,-0.13875,-0.011456,-0.032726
0.0085246,-0.02757,-0.0059775,-0.061408,-0.0098447,-0.025636
0.0088468,-0.024347,-0.0098447,-0.013067,-0.0082334,-0.030148
0.01078,-0.020802,0.0082023,0.016904,0.019482,-0.030792
0.00788,-0.021769,0.03205,-0.012101,0.029794,-0.032081
0.0082023,-0.022735,0.033339,-0.073654,0.00079012,-0.028536
0.013681,-0.016612,0.033984,0.035273,0.017226,-0.024025
0.010136,-0.018868,0.018515,0.059765,0.040429,-0.02628
0.0098136,-0.016612,0.040751,0.19834,0.067177,-0.019835
0.011747,-0.017579,0.04623,0.018837,0.040429,-0.015968
0.016904,-0.01339,0.035917,-0.11652,0.03205,-0.01339
0.0075578,-0.022735,0.0056242,-0.074943,0.0056242,-0.025314
-0.0037216,-0.034337,-0.02048,-0.091379,-0.012745,-0.037238
0.0046573,-0.032726,0.0024015,-0.076554,-0.018224,-0.034659
0.0098136,-0.022091,0.039462,0.064922,0.030761,-0.02628
0.013036,-0.020157,0.034628,0.11197,0.034306,-0.020802
0.025927,-0.0050107,0.025605,-0.11877,0.06041,-0.0059775
0.015937,-0.015323,-0.0030771,0.034306,0.058476,-0.02048
0.0020792,-0.030148,-0.00017668,0.10069,-0.0014658,-0.037882
0.0040128,-0.02757,0.0091691,-0.02338,-0.00082122,-0.038204
0.0062687,-0.029181,-0.0011435,-0.16067,0.0069132,-0.032726
0.011103,-0.022735,0.016904,-0.26121,0.016259,-0.022413
0.019159,-0.011134,0.040107,-0.12264,0.013359,-0.017579
0.014325,-0.019513,0.024638,-0.031114,-0.0011435,-0.026603
0.014003,-0.022091,0.024316,0.021738,0.010458,-0.02628
0.013359,-0.021124,0.013036,0.16708,0.027538,-0.021769
0.01207,-0.02048,0.018193,0.052031,0.027538,-0.024669
0.011425,-0.022091,0.019159,0.0075578,0.020126,-0.028214
0.011425,-0.021769,0.013036,-0.020802,0.016904,-0.032081
0.013681,-0.018868,0.021093,0.025283,0.02915,-0.024025
0.012392,-0.022735,0.012392,-0.0066221,0.052675,-0.02338
0.0056242,-0.02628,-0.0011435,-0.029181,0.025927,-0.03047
0.0033683,-0.032726,-0.0075889,-0.034015,-0.011456,-0.032081
0.0053019,-0.030148,-0.0037216,-0.075588,-0.0011435,-0.033048
0.010136,-0.024347,0.0072355,-0.024991,0.011747,-0.026925
0.012714,-0.021446,0.014003,0.032695,0.02496,-0.021124
0.012714,-0.02338,0.031083,-0.01339,0.032695,-0.018224
0.010458,-0.021124,0.033339,0.049453,0.064277,-0.020802
0.0033683,-0.022735,0.017226,-0.023702,0.045585,-0.025958
0.0056242,-0.026603,0.019482,0.011425,0.012392,-0.026925
0.01078,-0.024025,0.006591,-0.074621,-0.0021103,-0.025958
0.020449,-0.014679,0.014648,-0.13134,0.00046785,-0.019835
0.019482,-0.01629,0.02206,-0.034659,0.02496,-0.022735
0.01078,-0.020802,0.020126,-0.0088779,0.029472,-0.032081
0.011747,-0.018868,0.020449,-0.14649,0.028183,-0.030792
0.013036,-0.019835,0.021415,0.035595,0.045585,-0.021446
0.013359,-0.019191,0.01207,0.081035,0.024638,-0.021769
0.0046573,-0.024347,0.021093,0.026894,0.00079012,-0.031437
0.0062687,-0.024347,0.018837,-0.0011435,0.0069132,-0.03047
0.0094914,-0.021769,0.0098136,-0.024025,-0.0037216,-0.029825
0.0082023,-0.022413,0.0069132,-0.092668,0.033017,-0.024347
0.0088468,-0.026603,0.0046573,-0.031759,0.072656,-0.02757
0.0017569,-0.03047,0.0075578,0.095537,0.034628,-0.031759
0.0027237,-0.029181,0.014003,0.10359,0.021415,-0.033048
0.0072355,-0.024347,0.0046573,0.076846,0.026572,-0.03047
0.0069132,-0.02628,0.018193,-0.024025,0.018515,-0.026603
0.0094914,-0.024025,0.013359,-0.046261,0.034628,-0.025314
0.021093,-0.014357,0.025605,-0.10717,0.035917,-0.015001
0.030439,-0.00049895,0.053642,-0.15873,0.014325,-0.010489
0.015614,-0.011456,0.028183,-0.09299,-0.029181,-0.026603
0.015614,-0.016935,0.030117,-0.045939,-0.02628,-0.024025
0.012392,-0.019835,0.019159,-0.031437,0.014003,-0.022413
0.01207,-0.024347,0.018837,0.0020792,0.062666,-0.019835
0.010458,-0.024991,0.0059464,0.020126,0.058798,-0.025314
0.0053019,-0.027892,-0.0082334,-0.028859,0.037206,-0.030792
-0.00082122,-0.035949,-0.0069443,-0.040138,0.00079012,-0.036915
0.0027237,-0.032726,0.0027237,0.00014558,0.01207,-0.031437
0.01078,-0.024025,0.0062687,-0.032081,0.022382,-0.021769
0.015292,-0.017901,0.0069132,-0.056251,-0.0066221,-0.022413
0.0098136,-0.019191,0.030117,0.034951,-0.035949,-0.033693
0.0082023,-0.022735,0.017226,0.078457,-0.0024326,-0.033048
0.0072355,-0.024025,0.028505,0.1152,0.076201,-0.025958
0.011747,-0.02338,0.025927,-0.053351,0.099082,-0.019513
0.021093,-0.014357,0.027538,0.054287,0.075234,-0.011134
0.020771,-0.011456,0.02915,0.0049796,0.043974,-0.01339
0.014003,-0.019191,0.026894,-0.052706,0.00046785,-0.032404
0.0075578,-0.02628,0.006591,-0.07881,0.0043351,-0.030792
0.0069132,-0.024347,0.0085246,-0.0046884,0.011103,-0.03337
0.012392,-0.018546,0.015614,0.037851,0.013359,-0.027247
0.014648,-0.014357,0.026894,-0.12328,0.015937,-0.020802
0.013036,-0.015323,0.015937,-0.095246,-0.0021103,-0.024991
0.0098136,-0.021124,0.011103,-0.057541,-0.038849,-0.03047
0.0085246,-0.024669,0.015292,0.018837,-0.045294,-0.032726
0.0075578,-0.023058,0.013681,0.030761,0.0098136,-0.031437
0.012714,-0.017579,0.035273,0.088125,0.11197,-0.019513
0.013036,-0.015646,0.025605,0.076523,0.13453,-0.015323
0.0017569,-0.03047,-0.0095225,-0.10975,0.027216,-0.032081
0.006591,-0.025636,-0.0037216,-0.09299,-0.0075889,-0.030148
0.0094914,-0.02628,0.0011124,-0.028214,-0.014034,-0.030792
0.006591,-0.031437,0.010136,0.064277,0.0027237,-0.034337
0.00788,-0.030792,0.017226,0.024316,0.043974,-0.029503
0.011425,-0.022091,0.016259,-0.039816,0.063955,-0.016612
0.014648,-0.015968,0.02915,-0.074298,0.029794,-0.016935
0.0098136,-0.023058,0.025927,-0.026925,0.006591,-0.024991
0.0098136,-0.024347,0.020449,-0.033693,0.00014558,-0.02757
0.0088468,-0.029181,-0.015968,-0.0024326,-0.0050107,-0.02757
0.0027237,-0.032081,-0.073332,-0.01629,0.0088468,-0.027247
0.0059464,-0.020157,0.040429,-0.13102,0.021415,-0.019835
0.015937,-0.0082334,0.10102,-0.069464,0.020126,-0.015968
0.01787,-0.017579,0.02206,-0.060763,0.0027237,-0.026925
0.018193,-0.021446,0.018193,-0.1858,-0.027892,-0.031437
0.013681,-0.021124,0.010458,-0.15487,-0.031437,-0.027892
0.01787,-0.016612,0.029794,0.041396,-0.0085557,-0.021124
0.015614,-0.012745,0.042685,0.14807,0.034306,-0.027247
0.011425,-0.021446,0.016259,0.15612,0.093926,-0.02757
0.010136,-0.023058,0.01078,0.095859,0.094248,-0.028859
0.0069132,-0.024347,0.0059464,0.066855,0.038173,-0.034659
0.0036905,-0.024991,-0.0011435,0.039462,0.036884,-0.031759
0.0024015,-0.027892,0.0046573,-0.084611,0.029794,-0.028859
0.0040128,-0.02628,-0.005333,-0.00082122,0.015292,-0.028214
0.00079012,-0.03047,0.014648,0.042363,0.021093,-0.028859
0.011103,-0.022091,0.052353,-0.031759,0.029472,-0.021769
0.018837,-0.015323,0.036562,0.0056242,0.031083,-0.018224
0.015614,-0.017579,0.033339,0.00079012,0.038818,-0.016612
0.018193,-0.017257,0.017548,-0.030148,0.024316,-0.022413
0.01207,-0.021124,0.0091691,-0.10749,0.010458,-0.028536
0.0082023,-0.024347,0.0036905,-0.15003,0.0091691,-0.03047
0.010458,-0.024347,0.0040128,-0.038849,0.0049796,-0.027892
0.011103,-0.022413,0.00046785,0.062666,0.006591,-0.025958
0.0053019,-0.028214,0.0049796,-0.015646,-0.0037216,-0.035949
0.006591,-0.027247,0.0091691,-0.034015,0.00046785,-0.032726
0.0098136,-0.02338,0.010458,-0.014679,0.0088468,-0.027892
0.006591,-0.027247,0.012392,0.10198,0.023993,-0.031114
0.0069132,-0.027892,-0.00082122,0.026572,0.027861,-0.029825
0.014325,-0.019191,0.01787,-0.041105,0.031083,-0.016612
0.017548,-0.014679,0.03205,-0.024347,0.045585,-0.015323
0.015937,-0.012423,0.03914,-0.057541,0.034628,-0.019513
0.011747,-0.015968,0.025927,-0.03337,0.0098136,-0.02048
0.012392,-0.024669,0.014003,-0.054318,0.01787,-0.021124
0.010458,-0.027247,0.0056242,-0.083967,0.035917,-0.026603
0.0033683,-0.031759,0.0053019,0.024638,0.033662,-0.03047
0.0020792,-0.032726,0.00046785,-0.025314,0.033984,-0.028536
0.011747,-0.021769,0.01207,-0.015646,0.048164,-0.022735
0.01497,-0.014034,0.025927,0.15741,0.028505,-0.020802
0.011103,-0.022413,0.01207,0.044296,0.011425,-0.027247
0.014325,-0.01629,0.018837,-0.11007,0.0020792,-0.022413
0.01787,-0.0098447,0.041396,-0.18419,-0.021124,-0.022413
0.015614,-0.01629,0.03914,-0.14745,-0.005333,-0.022735
0.016581,-0.016935,0.036884,-0.042072,0.051064,-0.020802
0.013359,-0.018224,0.020771,0.057187,0.045585,-0.024669
0.0082023,-0.024991,-0.005333,0.068467,0.048164,-0.027247
0.0040128,-0.028214,-0.0021103,-0.00017668,0.03205,-0.029825
0.011747,-0.022091,0.013036,-0.057218,0.030117,-0.026925
0.015614,-0.017257,0.0033683,-0.060441,0.021415,-0.023058
0.0098136,-0.024991,0.00014558,-0.099758,-0.017579,-0.030792
0.01207,-0.019191,0.0059464,-0.038527,-0.04046,-0.030792
0.0053019,-0.022413,0.042685,-0.098146,-0.036271,-0.03756
0.0088468,-0.023702,0.059121,-0.027247,-0.0011435,-0.034337
0.013681,-0.017901,0.026572,0.18126,0.063955,-0.022091
0.011103,-0.024669,0.011747,0.11971,0.10005,-0.022413
0.011425,-0.022091,0.025605,0.052353,0.059765,-0.024991
0.00788,-0.027892,-0.012101,-0.065597,0.016259,-0.028859
0.0062687,-0.024025,0.00079012,-0.02757,0.030117,-0.025958
0.0046573,-0.026925,-0.0056553,-0.063341,0.014648,-0.030792
0.0033683,-0.028859,0.00079012,-0.091379,0.012392,-0.032404
0.006591,-0.026925,-0.00049895,0.011425,0.043007,-0.025636
0.015614,-0.017579,0.034306,0.11133,0.027538,-0.016612
0.014648,-0.017901,0.044296,0.085225,0.048486,-0.014679
0.011425,-0.021446,0.024316,0.10198,0.03624,-0.02048
0.014003,-0.018546,0.013359,-0.098146,0.006591,-0.021446
0.013681,-0.021446,0.016259,-0.12715,0.006591,-0.02048
0.0098136,-0.025636,0.01787,-0.042394,0.015292,-0.023702
0.010136,-0.024025,0.015292,0.014325,0.013359,-0.02757
0.014325,-0.022091,0.012714,-0.0098447,0.011425,-0.029181
0.0082023,-0.024991,0.010136,-0.01629,0.00046785,-0.032726
0.006591,-0.028536,0.0043351,-0.013067,0.0075578,-0.032404
0.0072355,-0.025314,0.010136,-0.070109,0.018837,-0.026603
0.0069132,-0.021124,0.020771,-0.051095,0.014648,-0.027892
0.0072355,-0.024025,0.0062687,-0.010812,-0.0040439,-0.034337
0.0011124,-0.028214,0.0014347,-0.019191,0.01207,-0.035949
-0.0011435,-0.032726,-0.0011435,-0.069464,0.029472,-0.032726
0.0098136,-0.026603,0.011747,-0.044327,0.02915,-0.02048
0.027861,-0.0066221,0.037529,-0.052706,0.018193,-0.0088779
0.026894,-0.0033994,0.052353,0.021093,0.035917,-0.0098447
0.0056242,-0.019191,0.01497,0.13518,0.016904,-0.035304
0.0059464,-0.021769,0.0040128,-0.02338,0.0082023,-0.034659
0.011425,-0.017257,0.020449,-0.18613,0.010458,-0.024025
0.018515,-0.015001,0.036884,-0.053029,0.024316,-0.018224
0.015937,-0.019513,0.032372,0.0043351,0.0098136,-0.022735
0.016581,-0.017901,0.027538,-0.015646,0.040107,-0.024347
0.013359,-0.019835,0.021093,0.013681,0.10102,-0.022735
0.0062687,-0.024347,0.015292,0.070078,0.045585,-0.03047
0.0059464,-0.028859,0.01078,0.064277,0.024316,-0.033693
0.0085246,-0.025314,0.0056242,-0.015001,0.046875,-0.026925
0.0091691,-0.023702,0.0033683,-0.0021103,0.033984,-0.025314
0.00788,-0.025958,-0.0011435,-0.049162,0.01497,-0.029825
0.011747,-0.022735,0.0075578,-0.14133,0.011425,-0.026603
0.015292,-0.017901,0.01787,-0.077843,0.0056242,-0.021446
0.010136,-0.022091,0.012392,0.020126,0.0011124,-0.025314
0.0085246,-0.022413,0.0056242,-0.015001,-0.0024326,-0.028536
0.0091691,-0.020157,0.039462,-0.039493,-0.015001,-0.026925
0.0072355,-0.024347,0.026249,-0.018546,-0.0021103,-0.027892
0.0098136,-0.02338,0.0049796,-0.0043662,0.012392,-0.03047
0.010136,-0.027247,0.0020792,0.0043351,0.031728,-0.030792
0.010458,-0.033048,0.00014558,-0.011456,0.06041,-0.022735
0.016259,-0.032081,0.020449,0.013359,0.058798,-0.019191
0.014003,-0.03047,0.050097,0.040107,0.014325,-0.02628
0.0085246,-0.036271,0.013681,-0.02048,0.0014347,-0.032404
0.006591,-0.030792,0.006591,-0.034659,-0.012745,-0.028536
0.0085246,-0.02757,0.015614,0.019482,-0.0072666,-0.022735
0.010458,-0.020802,0.01787,-0.13102,0.02206,-0.021124
0.0088468,0.0040128,0.015614,-0.077199,0.03205,-0.024991
0.0072355,-0.0033994,0.021738,0.11971,0.051064,-0.021446
0.012714,-0.011778,0.036884,0.061377,0.057187,-0.02048
0.013359,0.01787,0.026894,-0.065597,0.015937,-0.028214
0.015614,0.00788,0.013681,-0.051417,-0.0037216,-0.029825
0.015292,-0.02757,-0.013067,-0.036915,-0.02048,-0.032081
0.0056242,-0.036915,-0.017579,0.026894,-0.035626,-0.037882
-0.0024326,-0.039816,0.00788,0.059765,0.0062687,-0.042394
0.0036905,-0.03337,0.00046785,0.012392,0.060088,-0.029825
0.0098136,-0.025314,0.023027,0.02206,0.088769,-0.02048
0.018515,-0.01339,0.038818,-0.12715,0.062666,-0.011456
0.024316,-0.0046884,0.048486,-0.059474,0.040751,-0.0066221
0.024638,-0.0050107,0.03914,-0.021446,0.040107,-0.011456
0.012714,-0.020157,0.015614,0.0088468,0.018193,-0.023702
0.011425,-0.025636,0.019159,-0.02048,0.044941,-0.024347
0.014325,-0.024669,0.023993,0.0082023,0.039785,-0.022413
0.011425,-0.029825,0.01497,-0.001788,0.025927,-0.024991
0.01207,-0.035626,0.0062687,-0.054962,0.019804,-0.025636
0.0091691,-0.035304,0.0072355,-0.014357,-0.015323,-0.031437
0.0053019,-0.032726,0.0020792,-0.043361,-0.026603,-0.037882
0.0043351,-0.03047,0.0027237,-0.064953,-0.021446,-0.034659
0.006591,-0.029503,0.0049796,-0.093635,0.0059464,-0.033048
0.0062687,-0.029503,0.0043351,-0.018546,0.034628,-0.031437
0.0059464,-0.03047,0.00079012,0.11745,0.057509,-0.028214
0.0085246,-0.026603,0.0059464,0.0085246,0.064277,-0.025314
0.0059464,-0.023702,0.02496,-0.09299,0.016259,-0.024669
0.01207,-0.015968,0.029794,0.036562,0.0085246,-0.023702
0.015614,-0.0095225,0.029794,0.065566,0.031728,-0.017579
0.01497,-0.011456,0.019482,0.0059464,0.018837,-0.017579
0.014648,-0.014357,0.019804,-0.080099,0.028827,-0.017579
0.014003,-0.018868,0.019482,-0.12103,0.019804,-0.022091
0.013036,-0.021446,0.033662,-0.036915,0.025927,-0.021124
0.012714,-0.024669,0.02496,0.036884,0.016259,-0.022735
0.0098136,-0.034982,0.0085246,0.021415,-0.0050107,-0.029825
0.0075578,-0.03337,0.011747,-0.093312,0.0072355,-0.029181
0.01207,-0.025958,0.013359,-0.054962,0.023027,-0.027247
0.014325,-0.022091,0.013681,0.015937,0.046875,-0.024991
0.010136,-0.023702,0.012714,0.082324,0.043007,-0.029181
0.0062687,-0.024669,0.011103,-0.012423,0.01207,-0.034337
0.0085246,-0.03047,0.012392,-0.054962,0.017226,-0.031114
0.0091691,-0.026925,0.014325,-0.035304,0.01787,-0.028536
0.0082023,-0.023702,0.0040128,-0.047872,0.0020792,-0.029825
0.0075578,-0.022091,0.010458,-0.072687,0.00079012,-0.030148
0.0072355,-0.017901,0.015614,-0.043038,0.0062687,-0.030792
0.0056242,-0.0072666,0.0027237,-0.015323,0.017226,-0.031114
0.0036905,-0.015968,-0.0014658,-0.034982,0.030117,-0.027247
0.011103,-0.020802,0.025283,0.043974,0.034306,-0.024991
0.012392,-0.016935,0.032372,0.0072355,0.020449,-0.025636
0.012392,-0.017579,0.021415,-0.047228,0.017226,-0.026925
0.012392,-0.017579,0.024316,-0.032726,0.027538,-0.025314
0.0075578,-0.018868,0.018193,-0.041427,0.023027,-0.027247
0.010458,-0.020802,0.019159,0.028505,0.028505,-0.025958
0.012714,-0.019513,0.025605,0.2035,0.032372,-0.022413
0.010136,-0.020157,0.01787,0.022704,0.012714,-0.020157
0.0098136,-0.02048,0.014648,-0.10169,0.013681,-0.021446
0.012714,-0.015646,0.0062687,-0.011456,0.033984,-0.017257
0.015937,-0.0095225,0.030117,0.064277,0.041718,-0.02048
0.010458,-0.017257,0.026572,0.030439,0.031083,-0.026925
0.0059464,-0.034337,0.011103,-0.012423,0.021415,-0.028859
0.00788,-0.025958,0.011103,-0.034337,0.0024015,-0.029181
0.012392,-0.024347,0.023671,-0.049806,-0.00082122,-0.029181
0.016581,-0.025636,0.019482,-0.0046884,-0.0056553,-0.026603
0.0094914,-0.026925,0.00079012,-0.046906,0.0046573,-0.029181
0.0091691,-0.024669,0.0043351,-0.019513,0.034306,-0.028214
0.015292,-0.017257,0.010136,-0.036593,0.059443,-0.018546
0.018515,-0.01629,0.024638,-0.10234,0.06331,-0.019513
0.012714,-0.019513,0.019159,-0.081388,0.026894,-0.026603
0.0091691,-0.02048,0.0082023,-0.086222,0.014003,-0.032081
0.010136,-0.020157,0.011747,-0.076877,0.026894,-0.028859
0.01078,-0.02048,0.018837,0.028183,0.0036905,-0.024347
0.0094914,-0.022091,0.011425,0.065888,0.018193,-0.027892
0.0069132,-0.02628,0.018515,0.021415,0.013681,-0.030148
-0.00017668,-0.034337,-0.0011435,0.031406,0.00014558,-0.032404
0.0014347,-0.032726,-0.0092002,-0.02628,0.017226,-0.027247
0.018193,-0.01629,0.022704,-0.12135,0.059121,-0.016612
0.019159,-0.011456,0.048486,0.013681,0.062666,-0.016935
0.014003,-0.02338,0.049775,0.11326,0.021415,-0.028214
0.015614,-0.02338,0.033984,-0.075588,0.028183,-0.026603
0.018515,-0.020157,0.015292,-0.112,0.036562,-0.023702
0.013359,-0.020802,0.014648,-0.077843,0.020449,-0.027247
0.0059464,-0.02338,0.016904,-0.001788,-0.0030771,-0.030148
0.0027237,-0.031114,0.01207,0.065566,-0.0056553,-0.028536
0.0027237,-0.041105,0.011747,0.048808,0.0049796,-0.031114
0.0049796,-0.036593,-0.0011435,-0.049806,0.0072355,-0.033693
0.0024015,-0.031759,0.00079012,-0.18613,-0.0037216,-0.032404
0.0053019,-0.024991,0.024638,-0.074943,0.012714,-0.025958
0.014325,-0.014679,0.047841,0.15612,0.034628,-0.019513
0.018837,-0.013067,-0.011456,-0.018224,0.028505,-0.019835
0.016259,-0.00082122,0.013681,-0.11619,0.013359,-0.018224
0.010136,0.014648,0.030761,-0.035304,0.019159,-0.025314
0.0072355,-0.011134,0.011747,-0.042716,0.037851,-0.026925
0.00788,-0.023058,0.013681,0.0062687,0.040107,-0.023058
0.010458,-0.019513,0.01078,0.1384,0.02496,-0.024669
0.01497,-0.024025,0.0069132,0.082002,0.041718,-0.021124
0.019482,-0.029825,0.015937,-0.0040439,0.055576,-0.025314
0.017226,-0.031759,0.01497,-0.050128,0.017226,-0.025958
0.0098136,-0.021446,0.0062687,-0.070431,0.010458,-0.025636
0.0075578,-0.028859,-0.001788,0.0062687,0.012714,-0.028859
0.0094914,-0.028214,0.0046573,0.0091691,0.00788,-0.028859
0.013681,-0.023058,0.013359,-0.0014658,0.026249,-0.024347
0.015937,-0.02757,-0.00017668,-0.088478,0.035273,-0.021769
0.014003,-0.027247,0.059121,-0.015001,0.026249,-0.022735
0.006591,-0.031759,0.030761,0.023993,0.013681,-0.028214
0.010458,-0.019513,0.016904,0.01497,0.016581,-0.02757
0.00788,0.0085246,0.023993,-0.018224,0.015614,-0.028214
0.0053019,-0.0069443,0.0059464,-0.090412,-0.0021103,-0.033048
0.0033683,-0.021446,0.0020792,-0.13037,-0.0092002,-0.034015
0.0043351,-0.024669,0.02206,-0.090734,0.0024015,-0.031437
0.01207,-0.029181,0.036562,0.064277,0.01787,-0.023702
0.0085246,-0.034982,0.0059464,0.13389,0.023671,-0.024991
0.0036905,-0.040783,-0.0050107,0.06331,0.02915,-0.030148
0.015937,-0.027892,0.012392,0.041718,0.052675,-0.022091
0.020126,-0.020157,0.03914,-0.0075889,0.054609,-0.013712
0.015614,-0.02048,0.024638,-0.04465,0.035917,-0.021446
0.011747,-0.022413,0.0098136,-0.093957,0.02496,-0.025636
0.014325,-0.017257,0.023027,-0.071398,0.017548,-0.024347
0.016904,-0.016935,0.013681,-0.11555,0.010458,-0.023702
0.016581,-0.012101,0.015292,-0.087834,0.0088468,-0.022735
0.010458,-0.027247,0.013036,0.015292,0.01497,-0.026603
0.00788,-0.037238,0.0053019,0.037206,0.028183,-0.028536
0.0085246,-0.043361,0.0049796,-0.069142,0.036884,-0.028536
0.00788,-0.044327,0.0033683,-0.068175,0.012392,-0.03047
0.0049796,-0.037238,0.0072355,0.03624,-0.0040439,-0.03337
0.003046,-0.028536,0.015614,0.10907,0.01207,-0.031114
0.00788,0.0033683,0.04333,0.073945,0.027216,-0.02628
0.014648,0.0027237,0.043652,-0.014034,0.030117,-0.020157
0.015292,-0.014679,0.00788,-0.091701,0.018837,-0.021446
0.012392,-0.010812,0.02915,-0.0040439,0.0088468,-0.026603
0.014325,-0.02048,0.020449,0.0072355,0.0082023,-0.024025
0.011103,-0.020802,0.00079012,-0.12071,0.0046573,-0.024347
0.006591,-0.025958,0.0011124,-0.15777,0.032372,-0.02757
0.006591,-0.041105,0.0053019,-0.022735,0.054931,-0.02757
0.0082023,-0.040138,0.0056242,0.090059,0.023027,-0.026603
0.0014347,-0.033693,0.0020792,0.08458,0.015614,-0.03047
0.00046785,-0.026603,0.010136,0.003046,0.017548,-0.028536
0.0088468,-0.015968,0.025283,0.033662,0.030117,-0.020157
0.022704,-0.0046884,0.037206,-0.0040439,0.020126,-0.011134
0.024638,0.010458,0.042041,-0.12812,0.010458,-0.016612
0.014325,0.014648,0.03624,-0.037238,0.043007,-0.023058
0.013359,-0.017257,0.031728,0.011425,0.044619,-0.025958
0.0062687,-0.05464,0.021093,-0.022091,0.015614,-0.031437
0.010458,-0.048195,0.011425,-0.072043,0.026894,-0.028859
0.0053019,-0.042716,0.0046573,-0.046906,0.043974,-0.029503
0.010458,-0.023702,0.015937,0.074267,0.044619,-0.030792
0.011103,-0.0021103,0.018193,0.023671,0.059121,-0.029503
0.0085246,0.014325,0.010136,-0.026925,0.033984,-0.029825
0.012392,0.048808,0.013359,-0.0069443,0.015292,-0.030148
0.0094914,0.040751,0.018837,-0.029825,0.006591,-0.029503
0.0040128,-0.041749,0.0043351,-0.019835,-0.00017668,-0.033048
0.0046573,-0.042716,-0.0079111,-0.11394,-0.0046884,-0.033693
0.014648,-0.028214,0.030117,-0.043683,0.00788,-0.02628
0.013681,-0.032404,0.014003,0.039785,0.010136,-0.027247
0.014003,-0.03337,0.0040128,0.01787,0.023993,-0.024347
0.0091691,-0.032081,0.0036905,-0.028536,0.022382,-0.028214
0.0059464,-0.038204,0.01497,0.051064,0.019159,-0.034337
0.0082023,-0.038204,0.019804,0.08168,0.012392,-0.030148
0.012392,-0.038849,0.01787,-0.01339,0.0040128,-0.021446
0.014003,-0.03047,0.025605,-0.094924,0.013681,-0.019513
0.012714,-0.032726,0.016259,-0.06173,0.023671,-0.022413
0.010458,-0.030792,0.017548,-0.04755,0.01207,-0.024991
0.0088468,-0.031437,0.013036,-0.0088779,0.0027237,-0.025314
0.012714,-0.025958,0.018837,0.0014347,0.012714,-0.021769
0.014648,-0.0092002,0.017548,-0.02338,0.012392,-0.024025
0.011425,0.0040128,0.012392,-0.010167,0.01787,-0.026603
0.0085246,-0.014679,0.011425,0.063955,0.057832,-0.024669
0.011747,-0.022091,0.010136,0.003046,0.079746,-0.020802
0.014325,-0.028536,0.0027237,-0.13198,0.033017,-0.018224
0.0094914,-0.040783,0.010136,-0.052062,0.006591,-0.023702
0.0088468,-0.05174,0.011103,0.0017569,0.0072355,-0.029503
0.012392,-0.060119,0.023349,0.039785,0.014648,-0.025636
0.010458,-0.070109,0.014325,0.0062687,0.011425,-0.025314
0.0082023,-0.021124,0.017548,-0.013067,0.015292,-0.027247
0.0062687,0.08039,0.0085246,0.006591,0.019159,-0.027892
0.006591,0.01207,0.013359,-0.073009,0.019159,-0.025314
0.010136,-0.042716,0.034951,-0.12683,0.010458,-0.028859
0.011747,-0.012101,0.031406,-0.095568,0.020126,-0.024347
0.01078,-0.014679,0.018837,-0.074943,0.021415,-0.024347
0.0072355,-0.032404,0.0033683,-0.074298,0.0036905,-0.030792
0.0043351,-0.041105,-0.0030771,-0.014679,0.00079012,-0.032081
0.00014558,-0.037238,0.011103,0.11133,0.018193,-0.035949
0.0053019,-0.025636,0.014325,0.12035,0.034951,-0.02628
0.016581,-0.001788,0.037851,0.023993,0.042363,-0.014679
0.023349,0.013359,0.057832,-0.066564,0.058476,-0.0069443
0.018193,-0.001788,0.033017,-0.053029,0.045908,-0.015968
0.015937,-0.017257,0.018515,0.0040128,0.029472,-0.017901
0.018193,-0.022735,0.0059464,-0.02628,0.029794,-0.02338
0.015614,-0.034337,0.0053019,-0.10717,0.02206,-0.031114
0.013036,-0.044005,0.011103,-0.088156,0.015614,-0.032081
0.011747,-0.046583,0.019804,0.095859,0.018193,-0.028214
0.010458,-0.035949,0.02206,0.18062,0.027216,-0.029503
0.0062687,-0.036915,-0.0011435,-0.020157,0.018515,-0.031437
0.0014347,-0.03756,-0.005333,-0.074943,0.0049796,-0.030792
0.0024015,-0.03337,0.0011124,-0.083644,0.011103,-0.031437
0.0053019,0.0027237,0.012392,-0.018224,0.023349,-0.025958
0.00788,0.031406,0.020126,-0.0030771,0.024638,-0.024991
0.0091691,0.00079012,0.020126,-0.023058,0.0098136,-0.024025
0.013036,-0.0095225,0.020449,0.0053019,-0.0085557,-0.022413
0.014325,-0.017257,-0.0011435,-0.017579,-0.0098447,-0.027892
0.006591,-0.034659,0.023027,-0.054962,0.00788,-0.032081
0.0056242,-0.044327,0.032372,0.04333,0.038818,-0.024025
0.019804,-0.044005,0.029472,0.093926,0.084258,-0.011456
0.017226,-0.03337,0.032695,-0.0027548,0.072656,-0.016935
0.016259,-0.02757,0.017548,-0.031114,0.029472,-0.018868
0.01207,-0.022413,0.025605,-0.017579,0.041074,-0.024347
0.011103,0.0059464,0.01787,-0.028859,0.054609,-0.025314
0.014648,0.012714,0.018837,-0.023058,0.032695,-0.024025
0.0075578,-0.041427,0.0011124,-0.033048,0.018193,-0.024991
0.0072355,-0.055285,0.0082023,-0.02338,0.013359,-0.028214
0.011103,-0.039171,0.020771,-0.021769,0.018193,-0.025958
0.010458,-0.035949,-0.0021103,-0.095568,0.00079012,-0.028214
0.0088468,-0.02338,0.0017569,-0.065919,-0.010167,-0.028536
0.010458,-0.0066221,0.02496,-0.044005,0.00046785,-0.028214
0.01787,0.018837,0.031406,0.027216,0.013036,-0.029825
0.011747,0.014648,0.0011124,0.050419,0.02496,-0.03047
0.011103,-0.034015,-0.010167,0.019482,0.028183,-0.030792
0.0098136,-0.031759,0.014648,-0.024025,0.0017569,-0.029181
0.00788,-0.013712,0.023993,-0.097824,-0.0056553,-0.026925
0.0036905,-0.01629,0.020771,-0.077199,0.022382,-0.024991
0.0059464,-0.026603,0.027216,-0.049806,0.065244,-0.019835
-0.0027548,-0.029825,0.02206,0.011425,0.051064,-0.030792
-0.0046884,-0.026603,0.01787,0.07749,0.020126,-0.032081
0.010458,-0.019513,0.027861,0.018515,0.011103,-0.028536
0.024638,-0.02048,0.0053019,-0.0859,0.0088468,-0.027892
0.03205,-0.019513,0.019482,-0.067209,0.011103,-0.023058
0.033017,-0.017901,0.030439,0.042363,0.019482,-0.017901
0.019159,-0.031437,0.016259,-0.036271,0.022704,-0.021446
0.0094914,-0.034337,0.016259,-0.032081,0.015292,-0.027247
0.0046573,-0.030148,0.011747,0.0049796,0.0094914,-0.03047
0.0011124,-0.037238,0.0082023,-0.044005,0.00046785,-0.037882
0.00046785,-0.040138,0.0091691,-0.11265,-0.015968,-0.038527
0.0043351,-0.023058,0.010136,-0.02757,-0.0072666,-0.033693
0.0033683,-0.0066221,-0.0046884,0.020771,0.003046,-0.029181
0.013681,-0.014357,0.041396,0.11616,0.031406,-0.02048
0.01787,-0.019191,0.019804,-0.0027548,0.043007,-0.020157
0.01497,-0.029181,-0.015323,-0.13521,0.027538,-0.032081
0.006591,-0.031114,-0.00082122,-0.057863,0.013359,-0.032726
0.011747,-0.019191,0.019159,0.054609,0.034306,-0.019835
0.02496,-0.0059775,0.046552,0.14646,0.070722,-0.0021103
0.020771,-0.0092002,0.027861,0.028827,0.056543,-0.0062998
0.015614,-0.01629,0.022704,-0.00082122,0.042041,-0.017257
0.01078,-0.022735,0.021093,-0.055929,0.040751,-0.022735
0.011103,-0.022735,0.016581,-0.031437,0.030117,-0.028214
0.011103,-0.024347,0.0017569,-0.026603,0.015937,-0.030792
0.0062687,-0.025314,-0.00017668,-0.051095,0.015292,-0.03047
0.0098136,-0.018224,0.016581,-0.065919,0.023349,-0.029181
0.0091691,-0.018224,0.00046785,-0.043038,0.011747,-0.03047
0.0033683,-0.024347,-0.0098447,-0.042716,0.0036905,-0.03337
0.0043351,-0.027892,0.020771,-0.04046,0.020449,-0.030148
0.0062687,-0.02338,0.041074,-0.020802,0.030117,-0.024025
0.0062687,-0.026603,0.035273,0.085869,0.033662,-0.024025
0.00046785,-0.032726,0.0091691,-0.0088779,0.027861,-0.028536
-0.0011435,-0.033693,-0.00017668,0.049775,0.012714,-0.029825
0.0098136,-0.018546,0.018837,0.0056242,0.0088468,-0.020157
0.017548,-0.011778,0.030117,-0.12328,0.0011124,-0.015646
0.017226,-0.015323,0.032695,-0.0040439,0.0036905,-0.02338
0.018837,-0.02048,0.025927,0.0091691,0.026249,-0.027247
0.015937,-0.02048,0.023993,0.00046785,0.038818,-0.02628
0.012714,-0.025314,0.025283,-0.023058,0.024638,-0.025636
0.0098136,-0.024991,0.014648,-0.014679,0.01787,-0.022735
0.0062687,-0.024669,-0.0075889,-0.13682,0.0085246,-0.022735
0.0062687,-0.022091,-0.0066221,-0.063986,0.003046,-0.028536
0.013036,-0.015001,0.0094914,-0.024347,0.0049796,-0.028859
0.01078,-0.020157,0.015292,-0.077199,-0.0024326,-0.028214
0.0091691,-0.018224,0.020771,0.040107,0.011425,-0.027247
0.01078,-0.016935,0.023671,0.032372,-0.00049895,-0.029825
0.0072355,-0.026925,0.01787,-0.015968,0.014003,-0.034015
0.015292,-0.024991,0.022382,0.054609,0.051709,-0.022413
0.016259,-0.024669,0.011425,0.063633,0.033984,-0.019191
0.003046,-0.034337,-0.00049895,-0.017257,0.02915,-0.028214
0.0011124,-0.040783,0.016904,-0.06173,0.095215,-0.027892
0.013036,-0.025958,0.03205,-0.087834,0.093281,-0.016935
0.016581,-0.012745,0.018515,0.0091691,0.03914,-0.013712
0.0094914,-0.024991,0.0059464,-0.016935,0.00014558,-0.028536
0.0069132,-0.021446,0.011103,0.0053019,-0.0072666,-0.032081
0.0091691,-0.012423,0.0072355,0.10327,0.037529,-0.026925
0.011747,0.0072355,0.014648,0.027216,0.038818,-0.02338
0.0091691,0.011425,0.043974,-0.070109,0.018193,-0.028536
0.006591,-0.021124,0.017548,-0.14649,0.012392,-0.022091
0.0091691,-0.017901,0.047519,-0.081066,0.012714,-0.023058
0.0033683,-0.026925,0.050742,0.06331,0.011425,-0.033048
0.011103,-0.031759,0.028183,0.0062687,0.030439,-0.028536
0.013681,-0.035949,0.00788,-0.12522,0.036562,-0.022735
0.016904,-0.041105,-0.0046884,-0.065275,0.0094914,-0.025636
0.018515,-0.033048,0.016904,-0.039171,-0.011134,-0.03047
0.0098136,-0.031114,-0.0014658,0.082324,-0.0059775,-0.030792
0.015937,-0.03047,-0.005333,0.05622,0.021738,-0.027247
0.023993,0.0053019,0.019159,-0.089767,0.028827,-0.021124
0.020126,0.021415,0.026894,-0.083,0.011747,-0.021446
0.013036,-0.015968,0.013359,0.070078,0.019159,-0.023058
0.0072355,-0.025636,0.012392,0.0024015,0.011103,-0.026925
0.013036,-0.024025,0.023993,-0.029181,0.016259,-0.022091
0.016904,-0.020802,0.006591,-0.0027548,0.029472,-0.022091
0.018193,-0.018546,0.0036905,0.012392,0.018837,-0.028536
0.01078,-0.020802,-0.0024326,-0.1091,-0.0043662,-0.034659
0.0017569,-0.03337,-0.0095225,-0.21384,-0.017257,-0.040138
-0.00017668,-0.041427,0.0059464,-0.1655,-0.0072666,-0.036271
0.015292,-0.022413,0.052353,0.08748,0.039462,-0.015001
0.025283,-0.015323,0.011103,0.18223,0.078779,-0.0082334
0.013359,-0.034982,0.012714,0.022382,0.066855,-0.021124
0.0033683,-0.043361,0.023671,0.014648,0.046875,-0.026603
0.0085246,-0.025314,0.0098136,0.05332,0.037851,-0.024669
0.0069132,-0.029181,0.014325,0.10069,0.0088468,-0.024025
0.0062687,-0.048839,0.016904,0.038818,-0.010489,-0.030148
0.0088468,-0.044327,0.0098136,-0.1004,-0.019191,-0.028214
0.01207,-0.038849,0.0056242,-0.1004,0.021738,-0.02338
0.0046573,-0.034015,-0.0011435,0.035917,0.045585,-0.029181
-0.0050107,-0.027247,0.0020792,0.019804,0.010458,-0.038204
0.00014558,0.006591,0.01207,-0.089767,-0.0072666,-0.034982
0.00788,0.05622,0.030761,-0.18065,0.018515,-0.027247
0.011747,0.011425,0.032695,0.18642,0.068789,-0.018546
0.014648,-0.018224,0.039462,0.16096,0.080713,-0.015646
0.011747,-0.00017668,0.039785,0.0033683,0.050097,-0.018546
0.01497,-0.013712,0.04913,0.061699,0.039785,-0.019513
0.014325,-0.021446,0.033339,-0.087189,0.019159,-0.022735
0.01497,-0.026925,0.010136,-0.063986,0.013036,-0.025958
0.01078,-0.030792,-0.0062998,-0.072365,0.0024015,-0.03047
0.0098136,-0.02628,0.0069132,-0.10491,-0.0059775,-0.03047
0.0091691,-0.031114,0.0085246,-0.1091,-0.0098447,-0.031759
0.00788,-0.042072,0.0069132,-0.092023,-0.0024326,-0.035626
0.0082023,-0.039816,-0.011456,-0.15906,0.0020792,-0.035626
0.0020792,-0.034982,-0.014679,-0.10072,0.02496,-0.038204
-0.00082122,-0.02757,0.0036905,0.031728,0.048808,-0.02628
-0.0014658,-0.025958,0.034951,-0.0040439,0.042041,-0.017579
-0.0079111,-0.035304,0.04913,0.11745,0.027216,-0.017901
-0.0024326,-0.047872,0.031728,0.012714,0.031406,-0.021124
-0.0027548,-0.049806,0.023671,-0.056896,0.0072355,-0.031759
-0.0011435,-0.042716,0.016581,0.049775,-0.019513,-0.033048
0.0069132,-0.024991,0.0098136,-0.015001,-0.023058,-0.033693
0.022382,-0.0072666,0.006591,-0.0027548,-0.021446,-0.029825
0.041396,0.0091691,0.026894,0.086514,0.026572,-0.018546
0.040107,0.0094914,0.036562,-0.0085557,0.11036,-0.010812
0.032695,-0.0066221,0.012392,-0.15132,0.10166,-0.0046884
0.023671,-0.021124,0.023027,0.024638,0.042041,-0.019835
0.028827,-0.022413,0.013681,0.026572,0.015614,-0.027247
0.020126,-0.018546,0.0043351,-0.026603,0.0033683,-0.026925
0.01497,0.0056242,0.0094914,-0.061408,-0.02338,-0.028536
0.014648,0.0040128,0.0046573,-0.090412,-0.035304,-0.033048
0.00788,-0.011456,0.0014347,-0.030792,0.0033683,-0.032726
0.016904,-0.019513,0.0062687,0.030117,0.038818,-0.024025
0.022704,-0.0098447,0.030117,-0.051095,0.069433,-0.010167
0.01497,-0.012101,0.033339,0.03624,0.073945,-0.015968
0.00788,-0.026603,0.0075578,-0.071398,-0.019191,-0.035949
0.0053019,-0.039171,0.01787,-0.20772,-0.053673,-0.037238
0.0036905,-0.049484,0.046552,-0.041749,0.021738,-0.029181
0.01078,-0.055607,0.028505,0.29631,0.091992,-0.02048
0.0053019,-0.076232,-0.00049895,0.20285,0.082002,-0.026925
-0.0024326,-0.039493,-0.024991,-0.080422,0.039785,-0.034659
-0.0056553,0.069111,-0.035626,-0.0046884,0.0036905,-0.043683
0.0024015,0.021093,0.023671,0.15838,0.047519,-0.031437
0.01497,-0.028536,0.069433,-0.061085,0.0704,-0.0085557
0.022382,-0.00017668,0.066211,-0.0043662,0.046875,-0.0027548
0.017226,-0.010167,0.032372,-0.014679,-0.022091,-0.018868
0.0091691,-0.02048,0.01078,-0.046583,-0.019513,-0.027247
0.0072355,-0.025958,0.010458,-0.044005,0.0075578,-0.024991
0.010136,-0.025958,0.025927,-0.091056,0.018837,-0.021124
0.0091691,-0.03047,0.015614,-0.093635,0.041074,-0.024991
0.0027237,-0.03047,0.0024015,-0.13037,-0.02757,-0.037238
0.0033683,-0.036593,0.003046,-0.16582,-0.053351,-0.036915
0.0011124,-0.043683,-0.0014658,-0.20159,-0.052062,-0.03337
-0.001788,-0.044972,-0.011134,-0.075265,0.01078,-0.034015
0.00079012,-0.055285,0.0011124,0.16934,0.067822,-0.031114
0.0043351,-0.055929,0.016581,0.19286,0.033662,-0.029181
0.0053019,-0.017257,0.018837,0.051709,0.042685,-0.025314
0.006591,0.0069132,0.031083,-0.0095225,0.046552,-0.023058
0.016581,-0.014679,0.026894,-0.048517,0.040107,-0.017579
0.017226,-0.02048,0.025927,-0.030792,0.038496,-0.016612
0.014003,-0.020157,0.025605,-0.028536,0.027538,-0.02338
0.0088468,-0.029825,0.019482,0.011425,0.023993,-0.029181
0.0088468,-0.034337,0.0094914,0.021093,0.02496,-0.03047
0.0072355,-0.029503,0.0024015,-0.058185,-0.0014658,-0.034337
0.01078,-0.02628,-0.0021103,-0.05464,-0.0056553,-0.033693
0.014325,-0.021769,0.016904,0.035273,0.014648,-0.029503
0.020449,-0.018224,0.033984,0.072656,0.028827,-0.02338
0.019482,-0.019191,0.018515,-0.09299,0.019482,-0.024347
0.0098136,-0.021769,0.00014558,-0.11394,-0.005333,-0.032726
0.0056242,-0.018546,0.0036905,-0.066242,-0.012745,-0.029825
0.0014347,-0.025314,0.0027237,-0.043683,0.0072355,-0.03047
0.0059464,-0.021446,0.010136,-0.021124,0.047197,-0.025958
0.012392,-0.016935,0.03624,0.011103,0.086514,-0.015968
0.014003,-0.021446,0.006591,0.0024015,0.09167,-0.016612
0.01497,-0.025958,0.018515,0.09876,0.063955,-0.020157
0.015292,-0.01629,0.025927,-0.0021103,0.032695,-0.02048
0.014325,-0.0069443,0.02915,-0.05174,0.027861,-0.018868
0.012714,-0.022091,0.013036,-0.059474,0.014325,-0.024025
0.0094914,-0.025636,0.00079012,-0.031759,0.00079012,-0.028536
0.0046573,-0.024347,0.01078,-0.0050107,-0.0011435,-0.029825
0.0056242,-0.024025,0.011747,-0.10588,0.0017569,-0.030148
0.013359,-0.022413,0.029472,0.14162,0.011747,-0.024669
0.012392,-0.040783,0.027861,0.15226,-0.0021103,-0.029503
0.0059464,-0.047872,0.0098136,-0.10395,-0.012101,-0.034015
0.0091691,-0.040138,0.012392,-0.11136,0.0085246,-0.026603
0.011425,-0.021446,0.01787,0.0098136,0.034951,-0.022735
0.01207,-0.0030771,0.01207,0.087803,0.05622,-0.020802
0.012714,0.01497,0.024638,-0.039816,0.075879,-0.016935
0.012714,0.028505,0.026249,-0.053673,0.031083,-0.020802
0.013681,-0.0085557,0.017548,-0.10491,-0.0059775,-0.022413
0.0091691,-0.032081,0.016259,-0.067531,-0.010167,-0.025636
0.0056242,-0.038204,-0.0095225,0.0056242,-0.0050107,-0.029181
0.0027237,-0.031759,-0.013712,0.078779,-0.0046884,-0.030792
0.011747,-0.0033994,0.045585,-0.09718,0.015937,-0.026925
0.021093,0.00014558,0.053964,-0.19708,0.054931,-0.014679
0.016259,-0.0030771,0.014003,0.03624,0.031728,-0.020802
0.0059464,0.003046,0.0033683,0.059443,-0.0095225,-0.036915
0.0014347,-0.031437,-0.0011435,0.044941,0.0085246,-0.039493
0.006591,-0.040783,0.0046573,-0.026925,0.013036,-0.035304
0.01787,-0.021446,0.017548,0.041074,0.02915,-0.019513
0.019159,-0.021124,0.02206,0.058154,0.05332,-0.016935
0.015937,-0.020802,0.033017,-0.070109,0.0072355,-0.03047
0.013681,-0.022413,0.033662,-0.045939,0.014003,-0.028859
0.011747,-0.025958,0.017548,-0.039493,0.043007,-0.019191
0.01787,-0.015968,0.027538,-0.083322,0.032695,-0.014034
0.011747,-0.022091,0.033339,-0.014357,0.042363,-0.021124
0.016259,-0.02048,0.020449,0.012392,0.05622,-0.022735
0.014648,-0.035304,0.006591,-0.012101,0.032372,-0.023058
0.0082023,-0.050451,0.011425,-0.01339,0.036562,-0.027892
0.0017569,-0.044972,0.014648,-0.0062998,0.02915,-0.031759
0.0014347,-0.049806,-0.0059775,-0.0014658,0.013359,-0.034982
0.006591,-0.050128,0.0036905,0.03914,0.02915,-0.032081
0.01078,-0.05464,-0.022735,-0.030148,-0.0024326,-0.035949
0.014003,-0.025314,-0.0021103,-0.063986,-0.020802,-0.034337
0.015614,0.054287,0.034306,-0.073654,0.016581,-0.027247
0.012392,0.03914,0.037529,0.027538,0.03914,-0.024669
0.0033683,-0.029825,0.012392,-0.02048,0.010136,-0.032404
0.0085246,-0.022413,0.019482,-0.015968,0.019804,-0.027247
0.011103,-0.02338,0.026249,0.036884,0.04333,-0.018868
0.0098136,-0.02628,0.011425,0.010136,0.014648,-0.024025
0.0062687,-0.028859,0.00014558,-0.016935,-0.014357,-0.027247
0.0069132,-0.028859,0.0072355,0.01207,0.01078,-0.025958
0.015292,-0.021124,0.033984,-0.072043,0.052998,-0.015323
0.016581,-0.014034,0.047519,-0.077843,0.060088,-0.018546
0.013681,-0.0082334,0.030439,0.047519,0.038173,-0.021446
0.015937,-0.02628,0.0033683,0.040107,0.027538,-0.017579
0.016904,-0.024347,0.0036905,-0.034982,0.028183,-0.02048
0.013681,-0.02338,-0.0072666,-0.03756,0.020126,-0.023058
0.006591,-0.025636,-0.0021103,0.029472,0.014325,-0.026603
0.0043351,-0.025636,0.032695,-0.038204,0.01497,-0.031759
0.00788,-0.029503,0.041718,-0.052706,0.010458,-0.031114
0.0075578,-0.031114,0.038496,0.069433,0.014003,-0.027247
0.0094914,-0.035304,0.031406,-0.068175,0.012714,-0.022091
0.015614,-0.031114,0.0027237,-0.1336,-0.001788,-0.021769
0.0049796,-0.020802,-0.005333,-0.020157,-0.020802,-0.033693
0.0024015,-0.017257,-0.001788,0.037851,-0.026925,-0.038204
0.00079012,-0.025314,0.0027237,0.025605,-0.015323,-0.038204
0.0011124,-0.04046,0.019482,-0.081711,0.045263,-0.030148
0.016259,-0.04465,0.025927,-0.033048,0.10005,-0.016612
0.012392,-0.063341,0.0098136,-0.063664,0.046552,-0.023702
0.018193,-0.043038,0.016581,0.0675,0.044941,-0.018868
0.024316,0.069756,0.038818,0.048808,0.034951,-0.014034
0.010136,0.047519,0.027861,0.038496,0.02496,-0.025314
0.012392,-0.042072,0.020449,-0.11362,0.026572,-0.020802
0.01787,-0.0062998,0.01497,-0.05464,0.013036,-0.015968
0.010458,-0.021446,0.027538,0.078779,-0.010489,-0.030148
0.010136,-0.030148,0.017226,-0.099758,-0.025958,-0.038204
0.014003,-0.036593,0.003046,-0.12296,0.0017569,-0.026603
0.024316,-0.025958,0.028183,0.079746,0.085869,-0.0095225
0.013359,-0.024025,0.026572,0.022704,0.089414,-0.023702
0.0014347,-0.024991,0.0069132,-0.0859,0.014648,-0.037238
0.0072355,-0.018224,0.014003,-0.064308,0.017226,-0.031759
0.0056242,-0.024669,0.0094914,0.0020792,0.034306,-0.032081
0.011103,-0.033048,0.0088468,0.071045,0.023993,-0.028536
0.011103,-0.038849,0.0011124,0.0085246,0.013036,-0.024669
0.00788,-0.043683,0.019804,-0.0021103,0.022704,-0.024669
0.003046,-0.03756,0.0020792,-0.029181,0.01078,-0.031114
-0.0027548,-0.037882,-0.021124,-0.035626,-0.0059775,-0.037882
-0.00049895,-0.039171,-0.013067,-0.079455,-0.0033994,-0.036271
0.014325,-0.025314,0.016904,-0.039171,0.027538,-0.020157
0.019482,0.010136,0.028505,0.051064,0.038818,-0.012745
0.018515,0.042363,0.04333,0.059443,0.016581,-0.015001
0.018193,0.00788,0.037529,-0.023058,0.013681,-0.013067
0.015292,0.0094914,0.028505,-0.13005,0.01787,-0.019835
0.00788,0.0056242,0.033017,0.038496,0.023993,-0.028536
0.0027237,-0.026925,-0.0021103,-0.05883,0.021738,-0.034982
0.0043351,-0.025958,-0.0027548,-0.044327,0.017226,-0.035304
0.00788,-0.038204,0.0075578,0.047197,0.021738,-0.030148
0.0072355,-0.06173,0.011103,0.083613,0.021415,-0.029181
0.0036905,-0.059152,0.020449,-0.049806,0.020449,-0.03337
0.0020792,-0.045617,0.016581,-0.021446,0.02206,-0.034337
0.00046785,-0.032726,-0.0069443,0.0062687,0.020126,-0.031437
0.01078,-0.0059775,0.024316,0.03914,0.025605,-0.021769
0.030117,0.023027,0.055254,0.019482,0.037529,-0.0066221
0.027538,0.039462,0.037206,-0.14133,0.03205,-0.011134
0.017548,-0.0027548,0.014003,-0.21449,0.015292,-0.025958
0.019159,-0.042716,0.030439,-0.018546,0.019482,-0.024991
0.022382,-0.034982,0.031083,0.071045,0.032372,-0.021124
0.0043351,-0.043361,-0.00082122,-0.024347,0.0069132,-0.032081
0.0014347,-0.041749,0.0059464,-0.038204,-0.024669,-0.037238
0.0049796,-0.034015,0.0053019,-0.079777,-0.016935,-0.034015
0.013036,-0.024991,0.015292,-0.070109,0.027861,-0.025636
0.013681,-0.0092002,0.029794,0.15548,0.066211,-0.021769
0.00788,0.0053019,0.01078,0.095859,0.057509,-0.027247
0.0098136,-0.010167,0.01787,-0.052384,0.035917,-0.026925
0.013681,-0.027892,0.022382,0.062988,0.037851,-0.020802
0.016259,-0.013067,0.0062687,0.0088468,0.040429,-0.019513
0.017548,-0.0098447,0.014325,-0.076232,0.027861,-0.019513
0.0082023,-0.038204,0.018515,-0.029825,0.0053019,-0.031437
0.0027237,-0.040783,0.012714,-0.00082122,0.0053019,-0.032081
0.0056242,-0.035949,0.0069132,-0.035626,0.0053019,-0.028536
0.0091691,-0.037882,0.0075578,-0.026925,-0.001788,-0.022091
0.00788,-0.03756,0.018515,-0.062052,-0.013067,-0.023058
0.0075578,-0.032404,0.01207,-0.049162,-0.012101,-0.030148
0.0014347,-0.036271,-0.012101,-0.060763,0.0043351,-0.034659
0.0020792,-0.03337,-0.0069443,-0.0046884,0.039462,-0.034982
0.0027237,-0.02338,0.02206,-0.0079111,0.067177,-0.02628
0.006591,-0.015001,0.021093,-0.065597,0.040107,-0.02628
0.016259,-0.0062998,0.023993,0.014648,0.036884,-0.020802
0.020449,-0.005333,0.036884,0.090059,0.051064,-0.021769
0.017548,-0.014034,0.02915,-0.037238,0.038496,-0.023702
0.014325,-0.021124,0.022382,-0.087834,0.026894,-0.024991
0.014648,-0.029181,0.021738,-0.046583,0.0094914,-0.029181
0.012392,-0.035949,0.01787,-0.028859,0.01787,-0.028859
0.015614,-0.030792,0.0053019,-0.017901,0.032695,-0.022735
0.012714,-0.02048,0.013681,0.045908,0.031406,-0.024025
0.0072355,-0.028859,0.015937,0.071367,0.025927,-0.028536
0.0062687,-0.029825,-0.0040439,-0.040138,0.01787,-0.03337
0.0040128,-0.02628,0.010458,-0.0062998,0.0049796,-0.032726
0.01207,-0.017901,0.025927,0.067822,0.010458,-0.025314
0.013359,-0.019513,0.016259,-0.023058,0.0082023,-0.024025
0.0098136,-0.018546,0.026249,-0.055929,0.015614,-0.024025
0.015937,-0.0072666,0.035917,-0.016935,0.058798,-0.01629
0.011425,-0.014034,0.015614,0.039785,0.038173,-0.024347
0.006591,-0.020157,0.011103,-0.015968,-0.010812,-0.032404
0.0059464,-0.021124,0.0040128,-0.099113,-0.014679,-0.030148
0.0062687,-0.019513,0.0082023,-0.18,-0.0046884,-0.024991
0.0085246,-0.015646,0.018193,-0.10105,0.011425,-0.024347
0.01078,-0.015646,0.031083,0.13775,0.069111,-0.020802
0.01078,-0.017579,0.025283,0.076523,0.060732,-0.026925
0.00788,-0.023058,0.0098136,-0.017579,0.0053019,-0.031114
0.0085246,-0.021769,0.014325,0.027538,0.015937,-0.025314
0.011747,-0.025314,0.012392,-0.012423,0.025927,-0.024025
0.0094914,-0.024669,0.0098136,-0.067531,0.013681,-0.028859
0.015292,-0.015646,0.013359,-0.10362,0.01787,-0.025636
0.010136,-0.021124,0.0017569,-0.028536,0.02496,-0.028859
0.0056242,-0.026925,0.0020792,0.0059464,0.0024015,-0.031437
0.01497,-0.013712,0.040429,0.10521,0.018837,-0.021769
0.014003,-0.0079111,0.03205,-0.059796,0.034951,-0.014679
0.0094914,-0.019191,0.0091691,-0.10846,0.017548,-0.021124
0.006591,-0.032081,-0.0027548,-0.0046884,0.018515,-0.022735
0.011747,-0.034659,0.01078,-0.021446,0.024316,-0.019191
0.010136,-0.029181,0.020126,-0.083,0.0020792,-0.027892
0.00788,-0.025314,0.0046573,-0.047228,-0.001788,-0.032081
0.0091691,-0.028214,0.00079012,-0.025314,-0.010489,-0.033048
0.015614,-0.019513,0.023027,0.0075578,-0.036915,-0.028859
0.026572,-0.0088779,0.01207,-0.019191,0.0043351,-0.014679
0.01787,-0.015323,0.034306,0.14194,0.091992,-0.019191
0.0085246,-0.026925,0.038496,0.12067,0.10295,-0.024669
0.016904,-0.03047,0.028827,-0.086545,0.066855,-0.019191
0.016581,-0.018224,0.042363,-0.11233,0.04623,-0.015001
0.0098136,-0.018546,0.034628,0.0036905,0.035917,-0.023702
0.0094914,-0.023702,0.022704,0.023993,0.040107,-0.029825
0.0017569,-0.031114,0.014325,-0.030792,0.011747,-0.039493
0.00046785,-0.02338,0.0069132,-0.017901,-0.0040439,-0.042716
0.0072355,0.00788,0.0082023,-0.015001,0.022704,-0.029825
0.012392,-0.001788,-0.012423,-0.082677,0.034306,-0.020802
0.010458,-0.0050107,0.0020792,-0.069142,0.012392,-0.025958
0.0062687,-0.014679,0.025605,-0.053673,0.0040128,-0.030148
0.0085246,-0.02338,0.015292,0.030761,0.028827,-0.022413
0.013359,-0.019513,0.0075578,-0.026603,0.034951,-0.020802
0.01078,-0.02628,0.0059464,-0.011134,0.013359,-0.02628
0.0082023,-0.034982,0.01787,0.090703,0.014325,-0.02757
0.01078,-0.038527,0.030439,-0.030148,0.016259,-0.026925
0.011103,-0.034337,0.033984,-0.084933,0.013681,-0.024347
0.010458,-0.026603,0.0017569,-0.031437,0.00788,-0.024347
0.0098136,-0.023702,-0.0024326,-0.0011435,-0.0024326,-0.025314
0.0094914,-0.029825,0.0091691,0.034628,0.0072355,-0.024025
0.011747,-0.029825,0.0069132,-0.093312,0.0011124,-0.024347
0.011747,-0.02338,0.031406,0.0046573,0.006591,-0.024025
0.012714,-0.03047,0.028827,-0.09009,0.015292,-0.022735
0.011425,-0.033693,0.0027237,-0.044005,0.0075578,-0.027247
0.01207,-0.02048,0.0091691,0.082969,0.023027,-0.026925
0.011747,-0.024025,0.022382,0.12938,0.045585,-0.023702
0.014003,-0.03047,0.016581,-0.011778,0.052675,-0.023702
0.016581,-0.022735,0.022704,0.054609,0.066533,-0.02628
0.01078,-0.035949,0.0053019,0.017226,0.052998,-0.032404
0.0043351,-0.02048,-0.011456,-0.10266,-0.0024326,-0.043361
0.011425,0.013359,0.015292,-0.1452,0.011425,-0.029181
0.018837,-0.005333,0.036562,0.025927,0.049453,-0.018546
0.013359,-0.029503,0.0075578,0.010136,0.034951,-0.021769
0.0082023,-0.022091,0.023027,-0.093635,0.0049796,-0.024991
0.012714,-0.00049895,0.032695,-0.092346,-0.00049895,-0.025314
0.012392,-0.0085557,0.039462,0.0014347,0.015292,-0.023702
0.0082023,-0.023702,0.027216,0.093281,0.027861,-0.026603
0.006591,-0.030148,-0.0011435,0.038496,0.019159,-0.029825
0.013681,-0.035304,0.022704,-0.0088779,0.015614,-0.029181
0.011103,-0.05174,0.026572,-0.044972,0.02496,-0.028536
0.0075578,-0.045294,0.016259,-0.068498,0.027538,-0.030148
0.0033683,-0.031114,0.01078,-0.020802,-0.00049895,-0.031759
0.0014347,-0.011134,0.006591,-0.13102,-0.014679,-0.030792
0.0049796,0.0043351,0.012392,-0.1004,-0.015001,-0.028536
0.011747,0.027538,0.020771,-0.063019,-0.0040439,-0.026925
0.018837,0.015937,0.014648,0.0024015,0.026894,-0.023702
0.022704,-0.019835,0.024316,0.17965,0.073945,-0.014357
0.015937,-0.024991,-0.0011435,0.15516,0.070722,-0.022413
0.012714,-0.035949,-0.0011435,-0.06882,0.054931,-0.021446
0.011425,-0.032404,0.0059464,-0.073009,0.042685,-0.019835
0.006591,-0.027892,0.0094914,-0.047228,0.013036,-0.03047
0.00046785,-0.031114,0.015292,-0.087189,-0.016935,-0.032726
0.0059464,-0.02757,0.020449,0.01078,-0.0098447,-0.03047
0.0053019,-0.030792,0.015614,0.057832,0.0024015,-0.031114
0.0091691,-0.033048,0.0059464,0.016904,0.034951,-0.029181
0.0088468,-0.027892,0.016581,-0.056251,0.04623,-0.025636
0.014325,-0.023702,0.020126,-0.045939,0.018515,-0.022735
0.012714,-0.027247,0.00788,-0.058185,0.018837,-0.024669
0.0091691,-0.025314,0.019159,-0.075265,0.015292,-0.029503
0.0091691,-0.021769,0.023349,-0.04465,0.03205,-0.026603
0.011425,-0.021446,0.012714,0.062343,0.038173,-0.021769
0.01207,-0.019835,0.010458,0.094893,0.026249,-0.02338
0.010136,-0.024025,0.038173,0.0088468,0.02496,-0.025958
0.0091691,-0.02628,0.022382,-0.017579,0.037529,-0.024669
0.010458,-0.024025,0.020126,-0.024991,0.036884,-0.023702
0.01207,-0.021446,0.0072355,-0.026603,0.010136,-0.023058
0.015292,-0.018224,0.0075578,-0.094279,-0.0033994,-0.022413
0.018193,-0.018546,0.032695,-0.10975,-0.00082122,-0.019835
0.012392,-0.021446,0.019804,-0.078166,0.0091691,-0.021769
0.012392,-0.018868,0.023671,0.034951,0.011747,-0.024991
0.006591,-0.021124,0.017548,0.014003,0.042041,-0.025636
0.0091691,-0.020157,0.023027,0.024638,0.076846,-0.024025
0.0056242,-0.024991,0.0017569,0.018837,0.030761,-0.033693
0.0033683,-0.023058,-0.0027548,-0.038849,0.0036905,-0.034337
0.0033683,-0.021446,0.0085246,-0.03756,0.0053019,-0.03047
0.0088468,-0.015646,0.026572,-0.0088779,0.0036905,-0.029181
0.010136,-0.018224,0.024316,0.0098136,0.011747,-0.031114
0.018515,-0.019513,0.015937,0.003046,0.031728,-0.018546
0.018515,-0.02628,0.014003,0.053642,0.029472,-0.022091
0.01078,-0.030792,0.023671,-0.028214,0.022704,-0.025958
0.010458,-0.029503,0.019159,-0.0859,0.025283,-0.025314
0.012392,-0.022413,0.013359,-0.046906,0.021415,-0.027892
0.013036,-0.017257,0.017548,-0.025314,0.02496,-0.025636
0.012392,-0.02338,0.011103,-0.027247,0.01078,-0.027247
0.0082023,-0.024991,0.0091691,-0.0088779,-0.00017668,-0.025958
0.0075578,-0.029181,-0.0024326,0.022704,-0.0040439,-0.028214
0.0091691,-0.026603,0.011747,-0.0033994,0.010136,-0.025314
0.0062687,-0.024347,0.029794,0.022704,0.013359,-0.028214
0.0049796,-0.022413,0.012714,0.064599,0.03914,-0.028536
0.011425,-0.015646,0.0085246,0.0085246,0.060732,-0.019513
0.018193,-0.012423,0.00079012,-0.15712,0.040751,-0.018868
0.01787,-0.019835,0.035595,-0.1626,0.014325,-0.018546
0.014325,-0.024025,0.039785,-0.093957,0.018837,-0.016935
0.010458,-0.021124,0.011103,0.039785,-0.00049895,-0.026603
0.017226,-0.0046884,0.025927,-0.09718,-0.0062998,-0.02048
0.016581,-0.0072666,0.028183,0.027538,0.030117,-0.017257
0.006591,-0.02338,0.0088468,0.088125,0.046875,-0.031114
-0.0011435,-0.033048,-0.0075889,0.025283,0.025283,-0.036271
0.0049796,-0.027247,0.025927,0.1471,0.021738,-0.034982
0.013681,-0.022735,0.018837,0.0075578,0.022382,-0.023702
0.016904,-0.019835,0.012714,0.058476,0.036562,-0.017901
0.015937,-0.014679,0.014325,-0.049484,0.064922,-0.020802
0.013036,-0.02048,0.028827,-0.12103,0.075234,-0.022091
0.0098136,-0.021769,0.016259,-0.027247,0.041396,-0.026925
0.0094914,-0.024347,0.014325,0.072011,0.006591,-0.033048
0.012392,-0.025958,0.034306,0.10714,0.019159,-0.029503
0.010136,-0.034015,0.003046,-0.12876,0.01787,-0.027892
0.0088468,-0.035304,0.0053019,-0.12683,0.013036,-0.027247
0.012392,-0.030792,0.021415,-0.023702,-0.0092002,-0.029503
0.012714,-0.030792,0.006591,-0.031437,-0.0082334,-0.028214
0.0094914,-0.027247,0.010458,-0.0011435,-0.0043662,-0.03047
0.0075578,-0.018224,0.019482,-0.025958,0.0062687,-0.03337
0.0059464,0.015937,0.006591,-0.050451,0.03624,-0.029181
0.0053019,0.018515,-0.010489,-0.014679,0.04623,-0.02628
0.0072355,-0.025314,0.012392,-0.082677,0.023349,-0.026925
0.0088468,-0.023702,0.028183,-0.084611,0.0043351,-0.028536
0.0072355,-0.021769,0.023993,0.033017,0.0088468,-0.028536
0.0027237,-0.032726,-0.019191,-0.024669,-0.0021103,-0.032726
0.0020792,-0.034659,-0.014357,-0.06882,-0.023058,-0.033693
0.011425,-0.027247,0.027216,0.0046573,-0.0014658,-0.022735
0.022704,-0.015968,0.047197,0.10553,0.045263,-0.0069443
0.024638,-0.011456,0.034628,0.019482,0.069756,-0.0085557
0.013681,-0.022413,0.035595,-0.0056553,0.042363,-0.019513
0.011747,-0.023058,0.023349,-0.0056553,0.011103,-0.024347
0.011103,-0.022091,0.0033683,-0.13005,0.020771,-0.02757
0.014325,-0.017257,0.018515,-0.083322,0.03914,-0.023702
0.01078,-0.0088779,0.034951,-0.017257,0.043652,-0.024991
0.0062687,-0.028214,0.01787,0.015614,0.031406,-0.029181
0.010136,-0.043361,0.0094914,0.022382,0.022382,-0.02757
0.015292,-0.044327,0.014003,0.045908,0.012714,-0.028536
0.014003,-0.04046,0.011747,0.023993,0.015292,-0.028536
0.014648,-0.010489,0.020449,-0.021124,0.0033683,-0.026603
0.0082023,-0.0059775,0.00014558,-0.050451,-0.0079111,-0.031759
0.00046785,-0.032726,-0.0050107,-0.066242,0.0033683,-0.035626
0.0036905,-0.02338,0.019482,-0.034015,0.040107,-0.028214
0.0094914,-0.023702,0.021738,-0.011456,0.040751,-0.020802
0.012714,-0.015968,0.016581,-0.038527,0.031406,-0.015001
0.0098136,-0.019191,0.024316,-0.02048,0.030439,-0.022735
0.01207,-0.018546,0.022704,0.029794,0.027538,-0.02757
0.0085246,-0.021446,0.011425,0.0675,0.028827,-0.032081
0.012392,-0.015968,0.032695,0.014648,0.043007,-0.025636
0.015937,-0.01339,0.030439,-0.011456,0.038496,-0.02048
0.0094914,-0.022735,0.023027,-0.023058,0.02206,-0.025958
0.0075578,-0.026925,0.016581,-0.059474,0.0059464,-0.027247
0.0082023,-0.023058,0.013036,-0.010489,-0.013712,-0.028859
0.010458,-0.019835,0.0094914,-0.048195,-0.0059775,-0.023702
0.01497,-0.020802,0.003046,-0.07881,0.006591,-0.024025
0.0091691,-0.02338,0.0091691,-0.063986,0.010458,-0.030148
0.0085246,-0.027892,0.0053019,-0.059152,0.019159,-0.02757
0.01078,-0.024991,0.0027237,-0.015001,0.032372,-0.024669
0.0085246,-0.024025,0.0094914,0.0062687,0.033662,-0.027247
0.0075578,-0.022413,0.022704,-0.020802,0.023993,-0.029181
0.01497,-0.018546,0.014325,0.063955,0.026572,-0.025636
0.015614,-0.017901,0.028505,0.11745,0.033339,-0.024669
0.010458,-0.016612,0.030439,0.011103,0.023027,-0.024669
0.0091691,-0.023702,0.0036905,-0.076232,0.012392,-0.027892
0.0098136,-0.027892,0.0056242,-0.057541,0.01078,-0.028536
0.014648,-0.032726,0.018837,-0.010489,0.02496,-0.024991
0.012714,-0.03047,0.022382,0.0069132,0.038496,-0.022735
0.01078,-0.028536,0.01497,-0.0030771,0.035595,-0.025314
0.0091691,-0.031759,0.0059464,-0.0014658,0.018837,-0.028214
0.011425,-0.024669,0.020449,-0.066564,0.020771,-0.028536
0.0024015,-0.035304,0.0011124,-0.052706,0.015292,-0.031759
0.0036905,-0.040138,-0.021446,-0.046906,-0.0014658,-0.033048
0.0053019,-0.034015,0.014003,-0.024025,0.0088468,-0.030792
0.011103,-0.031759,0.023671,-0.1033,0.033984,-0.027892
0.01787,-0.021446,0.03914,-0.10491,0.038818,-0.018868
0.016581,-0.00049895,0.033662,-0.037238,0.024638,-0.018546
0.013681,0.00014558,0.035917,0.10585,0.028505,-0.019513
0.01078,-0.0085557,0.033339,0.12486,0.034306,-0.024347
0.011747,0.0024015,0.044296,-0.03756,0.047197,-0.024669
0.012392,0.021738,0.031083,0.019482,0.045585,-0.024347
0.018837,0.038496,0.019804,0.076523,0.024638,-0.026925
0.012392,-0.022413,0.0043351,-0.0033994,0.023671,-0.028536
0.0069132,-0.058507,0.00046785,-0.036593,0.022704,-0.033693
0.0072355,-0.03047,-0.0062998,-0.022735,0.022382,-0.033048
0.011747,-0.022735,0.0088468,-0.03756,0.030439,-0.024991
0.014648,-0.018546,0.028827,-0.050451,0.031083,-0.018868
0.015292,-0.023702,0.025927,-0.046583,0.0072355,-0.021769
0.01078,-0.03047,0.0046573,-0.020157,-0.022091,-0.028859
0.0053019,-0.038204,-0.0033994,0.012392,-0.016612,-0.031437
0.0036905,-0.038527,0.011747,-0.0043662,0.013036,-0.030792
0.0085246,-0.027247,0.010136,-0.10685,0.072334,-0.023058
0.010136,-0.0059775,0.0062687,-0.099758,0.055898,-0.020802
0.013681,-0.0079111,0.047841,0.014003,0.0036905,-0.02048
0.014003,-0.034337,0.00788,0.032372,0.014325,-0.019835
0.0082023,-0.038849,-0.0011435,0.0017569,0.01207,-0.027247
0.0098136,-0.035626,0.030439,0.021093,0.019482,-0.026603
0.0098136,-0.038204,0.015292,0.0062687,0.015937,-0.028214
0.012392,-0.034337,0.013036,-0.032081,0.020771,-0.026925
0.0069132,-0.021769,-0.001788,-0.067531,0.018193,-0.031114
0.0082023,0.0056242,0.013359,-0.083644,0.0059464,-0.03337
0.010458,0.0027237,0.013681,-0.091379,-0.0037216,-0.032726
0.011425,-0.024991,0.015614,-0.085256,0.0014347,-0.024669
0.0094914,-0.023058,0.023027,0.042041,0.0091691,-0.02628
0.0033683,-0.029503,0.014003,0.11971,0.011425,-0.035949
0.0046573,-0.028859,0.0043351,0.054609,0.038818,-0.031437
0.0088468,-0.021769,0.013681,0.076201,0.073301,-0.021769
0.012392,-0.017901,0.032372,0.014003,0.051386,-0.017257
0.014648,-0.015323,0.029794,-0.093635,0.01497,-0.015001
0.01207,-0.020157,0.024316,-0.063019,0.012392,-0.022413
0.010136,-0.020802,0.020449,-0.034337,0.02496,-0.02338
0.0088468,-0.026603,0.0088468,-0.068498,0.016904,-0.027247
0.0053019,-0.026925,0.0094914,-0.070109,0.010136,-0.029181
0.01078,-0.021769,0.017548,-0.048839,0.010458,-0.02628
0.01497,-0.025958,0.011103,-0.026925,0.029794,-0.025314
0.01207,-0.02628,-0.00049895,-0.045617,0.016581,-0.024347
0.0085246,-0.032726,0.0056242,-0.040138,0.01787,-0.033048
0.011103,-0.030792,0.026894,-0.02338,0.016581,-0.03337
0.014648,-0.021124,0.033017,0.0056242,0.010458,-0.026925
0.0069132,-0.029181,-0.012745,0.0033683,0.011425,-0.025636
0.0098136,-0.032726,0.020126,0.013681,0.014648,-0.025958
0.015292,-0.02757,0.043007,0.0020792,0.028827,-0.02048
0.013681,-0.02048,0.016581,0.040107,0.028183,-0.02048
0.011103,-0.0021103,0.016259,0.02206,0.033662,-0.023058
0.016904,0.018515,0.026894,-0.021124,0.01787,-0.022091
0.010458,-0.0072666,0.025283,0.073301,-0.015001,-0.029181
0.0053019,-0.02757,0.014648,0.049453,-0.0095225,-0.033048
0.011425,-0.01629,0.011425,-0.048195,0.025605,-0.026603
0.010458,-0.015646,0.017548,-0.067209,0.059121,-0.023058
0.0082023,-0.024991,0.028183,-0.00082122,0.085547,-0.019835
0.01078,-0.032081,0.016904,0.035917,0.10424,-0.022735
0.0056242,-0.030792,0.0040128,-0.014357,0.048486,-0.026603
0.0046573,-0.027892,0.0020792,-0.034015,0.013036,-0.026603
0.015937,-0.023702,0.015292,-0.012101,0.031083,-0.022091
0.023993,-0.019191,0.026894,-0.0024326,0.015292,-0.020802
0.018193,-0.020157,0.018193,-0.024347,-0.0040439,-0.026603
0.01078,-0.019191,0.011747,-0.07591,-0.012745,-0.029825
0.013681,-0.017579,0.017226,-0.061408,-0.00082122,-0.024669
0.010136,-0.022413,0.0091691,-0.10717,0.017226,-0.021769
0.0098136,-0.024025,0.0040128,-0.11007,0.018515,-0.024991
0.010136,-0.024991,0.0072355,0.018837,0.00079012,-0.028214
0.0088468,-0.024991,0.021093,0.052353,0.0040128,-0.028859
0.012392,-0.022091,0.04623,0.052031,0.014325,-0.028859
0.011747,-0.023702,0.018837,0.0027237,0.041396,-0.026925
0.011103,-0.020802,0.013681,-0.013067,0.051386,-0.024347
0.0091691,-0.020157,0.018193,0.023671,0.039462,-0.02338
0.010136,-0.02338,0.0059464,0.011425,0.035917,-0.02338
0.011747,-0.019191,0.006591,-0.048839,0.02206,-0.026925
0.0085246,-0.01629,0.021415,-0.035304,0.019159,-0.02757
0.0072355,-0.02338,0.0085246,-0.089445,0.011747,-0.026925
0.00788,-0.02338,0.0094914,-0.081388,-0.0040439,-0.030792
0.011103,-0.022735,0.013359,-0.10524,-0.0066221,-0.028536
0.0082023,-0.032081,0.014003,-0.050773,-0.0011435,-0.03047
0.0072355,-0.062052,0.01078,0.080713,0.030439,-0.026925
0.0094914,-0.083,0.0072355,0.12712,0.071367,-0.022413
0.0098136,-0.050773,0.0088468,0.027216,0.057832,-0.026603
0.0059464,-0.030792,0.00079012,-0.033693,0.015292,-0.031437
0.0059464,-0.014679,0.013359,-0.040138,0.00788,-0.027892
0.012392,0.017548,0.029794,-0.058185,0.010458,-0.021124
0.0094914,0.071045,0.023993,-0.062375,0.0033683,-0.024025
0.01078,0.051064,0.025927,-0.0085557,0.00079012,-0.028214
0.0094914,-0.017901,0.026249,-0.054962,0.018837,-0.027247
0.013681,-0.031437,0.022382,-0.073976,0.035917,-0.021124
0.010458,-0.037238,0.003046,-0.017579,0.016259,-0.024025
0.0053019,-0.022735,-0.012101,-0.066886,0.0072355,-0.028859
0.0072355,-0.042072,0.0091691,-0.022735,0.0036905,-0.031759
0.016259,-0.042072,0.033017,0.044941,0.015614,-0.021124
0.021738,-0.0050107,0.040107,0.045263,0.036562,-0.018546
0.021093,-0.017257,0.038496,0.072011,0.027216,-0.025958
0.021415,-0.018224,0.026572,0.0091691,0.032372,-0.022413
0.019159,-0.018546,0.027861,-0.019191,0.034628,-0.021769
0.011425,-0.026925,0.018837,0.00788,0.026572,-0.03047
0.0046573,-0.029825,0.016581,0.0091691,0.032372,-0.03047
-0.0014658,-0.027892,0.011425,-0.030792,0.016904,-0.033048
0.0017569,-0.024991,0.011747,-0.025958,0.011425,-0.034337
0.0020792,-0.022091,0.013036,-0.013067,0.019159,-0.032404
0.0017569,-0.023058,0.00788,-0.067531,0.01787,-0.031114
0.0033683,-0.034659,0.0062687,-0.023702,0.014648,-0.029825
0.012714,-0.035626,0.013681,0.025927,0.010458,-0.029503
0.016259,-0.032404,0.01207,-0.035626,0.010136,-0.02628
0.014325,-0.039816,0.0040128,-0.076554,0.013036,-0.024669
0.016581,-0.035304,0.00788,0.018515,0.030761,-0.024347
0.010458,-0.021769,0.0075578,-0.0043662,0.033984,-0.024991
0.0024015,-0.019513,0.0072355,-0.041105,0.033339,-0.027892
0.01207,-0.022091,0.019159,-0.081711,0.023671,-0.019513
0.015614,-0.021446,0.017226,-0.0014658,0.0082023,-0.020157
0.014003,-0.012745,0.019159,0.033339,-0.00049895,-0.023058
0.014648,0.01078,0.040107,0.030761,0.010136,-0.018546
0.012392,-0.0050107,0.030117,-0.011456,0.02206,-0.019191
0.006591,-0.037238,0.0062687,-0.13682,0.028505,-0.025958
0.0053019,-0.04046,0.00079012,-0.15906,0.011425,-0.03047
0.0072355,-0.041105,0.023349,0.0024015,0.037529,-0.024669
0.01078,-0.039171,0.027216,0.17417,0.073945,-0.019513
0.017226,-0.034337,0.028827,0.043974,0.082646,-0.016612
0.020449,0.052675,0.025927,-0.025314,0.053964,-0.021769
0.018193,0.056543,0.0017569,-0.00017668,0.015614,-0.02338
0.017548,-0.049484,0.013036,-0.047228,0.0040128,-0.022413
0.01207,-0.020157,0.016259,-0.0030771,0.013681,-0.025636
0.0027237,-0.023702,0.01497,0.014648,0.025605,-0.030792
0.0062687,-0.034015,0.020449,-0.063986,0.016259,-0.032081
0.0062687,-0.047228,0.017548,-0.04755,0.0075578,-0.029825
0.00788,-0.042716,0.021093,-0.024347,0.0043351,-0.027892
0.0098136,-0.01339,0.006591,0.027861,0.014648,-0.02757
0.011103,-0.017257,-0.00082122,0.006591,0.052675,-0.022413
0.010458,-0.027892,0.006591,-0.049484,0.036562,-0.027892
0.011425,-0.02628,0.0085246,-0.056896,-0.0056553,-0.032081
0.017226,-0.027892,0.012392,-0.087511,0.00014558,-0.031437
0.016259,-0.025314,0.018515,0.026249,0.014648,-0.03047
0.016904,-0.021446,0.023349,0.044941,0.034951,-0.024347
0.015614,-0.02048,0.024638,-0.012101,0.035917,-0.018546
0.0069132,-0.022413,0.024316,0.04623,0.020771,-0.022413
0.0046573,-0.022735,0.023671,-0.053996,0.0059464,-0.028859
0.0094914,-0.024347,0.014648,-0.056574,0.011747,-0.028214
0.00788,-0.022735,0.01787,-0.051417,0.014003,-0.030792
0.0046573,-0.024025,0.01207,-0.061408,0.0036905,-0.033693
0.0059464,-0.025636,0.0040128,-0.084289,-0.02628,-0.037238
0.0036905,-0.023702,0.0046573,-0.10943,-0.013067,-0.035626
0.0069132,-0.024991,0.014325,-0.020802,0.026249,-0.028859
0.011103,-0.024347,0.01787,0.016904,0.052031,-0.02338
0.014648,-0.021769,0.020771,-0.015646,0.047519,-0.020157
0.0085246,-0.024669,0.018837,-0.082033,0.015292,-0.02757
0.0069132,-0.028536,0.023671,0.18287,0.014325,-0.029181
0.0072355,-0.017257,0.023027,0.16708,0.012392,-0.029181
0.0082023,-0.019835,0.013359,-0.025636,0.024638,-0.029181
0.012714,-0.032726,0.035917,0.02915,0.034306,-0.022091
0.0088468,-0.02628,0.017548,-0.0027548,0.023671,-0.02338
0.0059464,-0.021446,-0.0046884,0.037206,0.076523,-0.022735
0.010458,-0.015323,0.006591,0.040107,0.071045,-0.024991
0.01207,0.011747,0.016904,0.01497,0.020449,-0.028214
0.012714,0.00788,0.015937,-0.087189,0.021093,-0.024025
0.013036,-0.02048,0.015614,-0.15551,0.015292,-0.022413
0.0091691,-0.034659,0.019804,-0.053029,0.0036905,-0.024669
0.00788,-0.048195,0.016904,0.021738,-0.0021103,-0.021769
0.012714,-0.037882,0.019804,-0.02338,0.030439,-0.014034
0.011103,-0.032081,0.0075578,-0.087834,0.043007,-0.014679
0.013359,-0.023702,0.0088468,-0.041105,0.01787,-0.023058
0.012714,-0.0046884,0.0069132,-0.019835,0.015614,-0.02338
0.012714,0.030117,0.01207,-0.048839,0.0085246,-0.024991
0.01207,0.010136,0.02915,-0.059474,-0.0033994,-0.026925
0.012714,-0.03337,0.019159,-0.035949,0.0011124,-0.024991
0.017548,-0.022413,0.019804,0.0020792,0.013681,-0.024025
0.016581,-0.029825,0.018515,-0.080422,0.023349,-0.02757
0.014648,-0.024991,0.012392,-0.017901,0.042363,-0.024347
0.01078,-0.026603,0.01207,-0.038849,0.047197,-0.026603
0.0072355,-0.027892,0.021738,-0.049484,0.028505,-0.026925
0.010458,-0.024669,0.026894,0.043974,0.037206,-0.028536
0.0082023,-0.028214,0.020126,0.04333,0.031406,-0.03047
0.0082023,-0.030148,0.013036,0.075879,0.023027,-0.033693
0.0091691,-0.025636,0.018515,0.10134,0.026249,-0.031114
0.011425,-0.026603,0.013359,0.026572,0.020126,-0.027247
0.012714,-0.025314,0.0091691,-0.02338,0.013036,-0.025314
0.011747,-0.024991,0.011747,-0.026603,0.0088468,-0.021446
0.011747,-0.025636,0.01207,-0.10846,-0.0011435,-0.023058
0.010458,-0.022413,0.018837,-0.12071,-0.0088779,-0.024025
0.011425,-0.02048,0.024638,-0.056574,0.0082023,-0.023702
0.0098136,-0.022413,0.010458,0.021738,0.028505,-0.026603
0.0053019,-0.021769,0.012714,0.018515,0.020126,-0.030792
0.0046573,-0.028536,0.00014558,-0.067531,0.0094914,-0.035949
0.0049796,-0.037882,-0.012745,-0.12651,0.014648,-0.03756
0.003046,-0.034982,0.010136,-0.13843,0.034628,-0.035949
0.01207,-0.019835,0.037206,0.054287,0.050097,-0.022413
0.018837,-0.010812,0.027538,0.18738,0.058154,-0.014034
0.016259,-0.0085557,0.034628,-0.01629,0.027216,-0.019513
0.013036,-0.025636,0.020449,-0.081066,0.011425,-0.025958
0.014003,-0.024991,0.028183,0.078135,0.023027,-0.029181
0.010136,-0.017579,0.022704,0.0059464,0.021738,-0.028536
0.0075578,-0.024347,0.01078,0.02496,0.027538,-0.025636
0.0094914,-0.024025,0.011425,0.092314,0.041074,-0.025314
0.010136,-0.020157,0.013036,-0.012745,0.029472,-0.024347
0.014003,-0.015968,0.014648,-0.06882,0.01497,-0.02048
0.0098136,-0.022091,0.014648,-0.030148,0.0088468,-0.025958
0.0024015,-0.022413,0.0088468,-0.021769,-0.0050107,-0.032081
0.0091691,-0.018868,0.017548,0.0091691,-0.0050107,-0.026925
0.01497,-0.012423,0.027216,-0.049162,0.012392,-0.021446
0.011103,-0.020157,0.017226,-0.035304,0.022382,-0.025636
0.0062687,-0.02048,0.012714,-0.052706,0.024316,-0.027247
0.0075578,-0.01629,0.012392,-0.10975,0.031083,-0.026603
0.0085246,-0.022735,0.00079012,-0.07881,0.033984,-0.025636
0.0091691,-0.022091,0.013036,0.011747,0.033984,-0.024347
0.014648,-0.02757,0.021093,-0.0046884,0.021415,-0.025958
0.01207,-0.037882,0.015614,0.015614,0.015614,-0.026925
0.0091691,-0.051095,0.0094914,0.028827,-0.001788,-0.03047
0.013359,-0.032404,0.015292,-0.06882,0.0049796,-0.028536
0.0098136,0.0046573,0.012714,-0.0030771,-0.0030771,-0.031114
0.011425,0.00014558,0.0046573,-0.024347,0.025283,-0.024347
0.016904,-0.021124,0.018515,0.0091691,0.088769,-0.014357
0.018193,-0.015001,0.017548,-0.031114,0.042363,-0.019513
0.011747,-0.020157,0.010136,-0.12618,0.0085246,-0.024347
0.0098136,-0.021769,0.026572,-0.027892,0.030117,-0.029181
0.011103,-0.019513,0.019804,0.045263,0.035595,-0.027247
0.01497,-0.017901,0.012714,0.026249,0.035273,-0.021769
0.016904,-0.020802,0.015292,-0.023702,0.013681,-0.021769
0.019482,-0.02048,0.020449,0.006591,0.011747,-0.022735
0.016259,-0.020802,0.020771,0.052998,0.015937,-0.024025
0.012714,-0.023702,-0.0037216,-0.045617,0.022382,-0.02338
0.0088468,-0.021769,0.03624,0.0088468,0.03914,-0.023702
0.0056242,-0.021446,0.039462,0.017226,0.039462,-0.024347
0.00788,-0.024991,0.0082023,-0.066564,0.014648,-0.025958
0.010136,-0.026603,0.013359,-0.078166,0.013359,-0.026925
0.0040128,-0.028214,0.0098136,-0.034982,0.019159,-0.029503
0.0024015,-0.028859,0.017226,0.043652,0.015292,-0.031114
0.0059464,-0.028536,0.015937,0.018193,-0.0046884,-0.035304
0.01207,-0.019191,0.016259,-0.039816,-0.0066221,-0.03337
0.014325,-0.010489,0.019804,-0.038527,-0.0050107,-0.028214
0.0098136,-0.017579,0.024638,-0.014357,0.01078,-0.024991
0.0072355,-0.018546,0.022382,0.006591,0.052675,-0.024025
0.0072355,-0.024991,0.0072355,0.0091691,0.069756,-0.024991
0.010458,-0.026603,0.017226,-0.005333,0.050097,-0.02628
0.0072355,-0.025636,0.0049796,-0.073654,0.016904,-0.029181
0.0049796,-0.027247,0.0017569,-0.084611,0.0027237,-0.027247
0.011425,-0.022735,0.015614,0.033984,0.012392,-0.027247
0.015292,-0.024025,0.023349,0.070078,0.030761,-0.024347
0.011747,-0.019191,0.033017,-0.010812,0.027216,-0.027892
0.015292,-0.014034,0.047197,0.086514,0.035917,-0.02338
0.0098136,-0.029825,0.012714,-0.059152,0.02496,-0.025636
0.0091691,-0.016612,0.0088468,-0.10975,0.013036,-0.02757
0.0046573,-0.0095225,0.0053019,-0.045939,0.0098136,-0.029825
0.0053019,-0.025636,0.0072355,-0.020157,-0.00049895,-0.029825
0.0091691,-0.020802,0.014003,-0.034337,-0.016612,-0.031437
0.0082023,-0.022413,0.0082023,-0.093312,-0.024347,-0.033693
0.0082023,-0.03047,0.00079012,-0.098146,-0.012745,-0.033048
0.020449,-0.021124,0.023027,-0.047872,0.025605,-0.02338
0.016259,-0.024025,0.037851,0.059121,0.0675,-0.019513
0.014003,-0.035304,0.018515,0.068467,0.083291,-0.020157
0.012392,-0.032726,0.013036,-0.021769,0.046875,-0.022413
0.011425,-0.028214,0.013036,0.0014347,0.032372,-0.02757
0.0091691,-0.02628,0.0027237,-0.013067,0.02915,-0.028859
0.010458,-0.019513,0.0094914,0.011425,0.02915,-0.027892
0.00788,-0.0062998,0.0062687,0.024316,0.018837,-0.031437
0.0094914,0.010136,0.012714,-0.027247,0.0069132,-0.028859
0.01078,-0.016612,0.0075578,-0.063986,0.0014347,-0.02338
0.0088468,-0.025958,0.0033683,-0.073009,0.010458,-0.02338
0.0082023,-0.020157,0.014003,-0.0092002,0.021093,-0.017901
0.015614,-0.017901,0.025283,0.037529,0.02496,-0.017579
0.014648,-0.019191,0.021738,0.011425,0.023349,-0.019835
0.018837,-0.018546,0.020126,-0.019191,0.030439,-0.017901
0.017548,-0.0024326,0.039785,-0.038204,0.034951,-0.019191
0.0098136,-0.018546,0.026894,0.059443,0.033662,-0.024025
0.010136,-0.032726,0.01787,0.0049796,0.039462,-0.02628
0.011103,-0.025314,0.020126,-0.05464,0.016904,-0.024669
0.013036,-0.028536,0.015937,-0.085578,-0.0046884,-0.02338
0.0085246,-0.042394,0.013681,-0.020802,-0.013712,-0.027247
0.014325,-0.053029,0.023671,0.01207,0.0024015,-0.02757
0.01207,-0.042072,0.018193,-0.033048,0.034951,-0.029503
0.0059464,-0.03756,0.0033683,-0.11039,0.031406,-0.035304
0.0027237,-0.029825,0.0053019,-0.13456,0.0091691,-0.037882
0.0040128,-0.00082122,0.0091691,-0.024025,0.010458,-0.036915
0.01078,0.039462,0.022704,0.12776,0.020771,-0.030792
0.013036,0.029794,0.016259,0.08748,0.045585,-0.024347
0.0091691,-0.020157,0.01787,0.07749,0.058798,-0.019835
0.0088468,-0.020157,0.026249,0.033339,0.039462,-0.022091
0.011425,-0.025636,0.016904,-0.076877,0.023027,-0.024991
0.0091691,-0.032726,0.014325,-0.033048,0.026894,-0.025636
0.0049796,-0.036593,0.010458,-0.034659,0.00788,-0.026925
0.0088468,-0.037238,0.011103,-0.038204,-0.0033994,-0.029181
0.013681,-0.035304,0.01078,-0.010167,-0.0043662,-0.031114
0.011103,-0.032404,0.012392,-0.014679,-0.0088779,-0.031114
0.0085246,-0.024347,0.016581,0.0011124,0.017226,-0.029503
0.011103,-0.026603,0.014325,-0.015968,0.061699,-0.025958
0.01207,-0.02628,0.0046573,-0.025636,0.055254,-0.024025
0.0094914,-0.028214,-0.012745,-0.063341,0.014325,-0.023702
0.01497,-0.026925,0.0043351,-0.10717,0.019482,-0.022091
0.011747,-0.022413,0.037206,0.0014347,0.037851,-0.02628
0.0085246,-0.024991,0.019482,0.049453,0.027538,-0.026603
0.0091691,-0.027247,0.022704,0.044296,0.014325,-0.026925
0.01078,-0.022735,0.023349,-0.038204,0.01497,-0.025314
0.014325,-0.019191,0.015292,-0.051417,0.029794,-0.019191
0.01497,-0.015001,0.024316,-0.0050107,0.031406,-0.01629
0.01207,-0.01629,0.027216,-0.052384,0.014003,-0.019191
0.013681,-0.015001,0.037206,-0.043361,0.0098136,-0.021446
0.00788,-0.017257,0.020771,-0.038527,0.0098136,-0.02757
0.0094914,-0.024025,0.019482,-0.024347,0.029472,-0.023702
0.011747,-0.027247,0.023671,-0.026603,0.030439,-0.024669
0.01078,-0.019513,0.013036,0.053964,0.031083,-0.028859
0.0091691,-0.020157,0.0088468,0.019482,0.015292,-0.026603
0.0085246,-0.025314,0.014003,-0.061408,0.0075578,-0.027892
0.011103,-0.024669,0.017226,-0.078488,0.0046573,-0.028214
0.011425,-0.027892,0.0085246,-0.067531,-0.0040439,-0.031437
0.011425,-0.035949,0.0059464,0.021093,-0.0011435,-0.02757
0.01207,-0.036915,0.0053019,0.051386,0.018193,-0.02757
0.01078,-0.031114,-0.0033994,-0.04465,0.034306,-0.027892
0.014003,-0.00049895,-0.0050107,-0.034659,0.040429,-0.021124
0.01078,0.020449,0.018837,-0.0062998,0.028827,-0.024991
0.010458,-0.0095225,0.041074,-0.038204,0.029794,-0.024991
0.0082023,-0.023058,0.028827,0.014648,0.031083,-0.028536
0.0020792,-0.03047,0.0053019,0.025605,0.035273,-0.03337
0.00788,-0.029825,0.014325,0.049775,0.033339,-0.03047
0.015937,-0.012745,0.038173,0.033017,0.035595,-0.02048
0.020449,-0.011456,0.023349,-0.03337,0.03624,-0.014034
0.015614,-0.016935,0.018837,-0.063664,0.014003,-0.024991
0.010136,-0.023058,0.023671,-0.041427,0.0094914,-0.02757
0.0082023,-0.024669,0.016581,-0.024347,0.023993,-0.027247
0.01207,-0.023058,0.022382,0.020771,0.03205,-0.028214
0.0098136,-0.024991,0.011747,-0.014034,0.0043351,-0.028536
0.006591,-0.025958,0.0094914,-0.035304,-0.001788,-0.029503
0.010136,-0.024669,0.003046,-0.1091,-0.0050107,-0.033048
0.0027237,-0.028859,-0.0024326,-0.17485,-0.026925,-0.041105
0.0036905,-0.03047,0.016259,-0.17646,-0.031114,-0.035304
0.010458,-0.026925,0.024638,0.014003,-0.015323,-0.028214
0.013681,-0.025636,0.011425,0.0675,0.012714,-0.02338
0.019804,-0.015968,0.011425,0.19802,0.086514,-0.012101
0.014325,-0.018546,0.01787,0.2238,0.14227,-0.011134
0.011747,-0.020157,0.034951,0.039462,0.11681,-0.014357
0.01078,-0.014357,0.025605,-0.083967,0.065888,-0.017257
0.0082023,-0.017257,0.01207,-0.070109,0.0075578,-0.02628
0.0049796,-0.022413,0.01078,-0.043683,-0.0082334,-0.033048
0.0059464,-0.02048,0.019159,-0.0098447,-0.015646,-0.032726
0.0033683,-0.030148,0.016259,0.057509,-0.0066221,-0.035949
0.0049796,-0.029825,0.011425,-0.048195,0.0027237,-0.031759
0.013681,-0.019835,0.014648,-0.03756,0.021415,-0.021124
0.011747,-0.025314,0.0024015,-0.10717,0.024316,-0.021769
0.012714,-0.02338,0.015292,0.0053019,0.05332,-0.021446
0.012714,-0.0021103,0.023671,0.041074,0.04333,-0.024025
0.014648,-0.0075889,0.033017,-0.049484,0.020771,-0.024347
0.0075578,-0.037238,0.024638,0.0011124,0.0053019,-0.028214
0.0088468,-0.038849,0.013681,-0.021446,-0.015001,-0.029503
0.014325,-0.030148,0.015292,-0.070431,-0.033048,-0.026603
0.014325,-0.025636,0.015614,-0.071076,-0.03047,-0.025636
0.012392,-0.022735,0.01497,-0.023058,0.067177,-0.023058
0.013681,-0.021446,0.013036,-0.0088779,0.089736,-0.024669
0.010458,-0.0014658,0.01497,-0.019835,0.017548,-0.028859
0.010136,0.011425,0.0094914,-0.039816,0.01787,-0.026925
0.0088468,-0.020802,0.0082023,-0.053351,0.013036,-0.027247
0.0062687,-0.029503,0.0043351,-0.076554,0.0094914,-0.029825
0.0040128,-0.03047,-0.0021103,-0.10395,-0.0079111,-0.031759
0.0059464,-0.032081,0.0072355,0.010458,0.0017569,-0.028859
0.014003,-0.019191,0.029472,0.17868,0.036562,-0.020157
0.019159,-0.015968,0.028183,0.048164,0.038818,-0.019191
0.015937,-0.021769,0.022382,-0.049806,0.04913,-0.019513
0.017226,-0.022735,0.02496,-0.0082334,0.047841,-0.020157
0.015292,-0.024669,0.021093,-0.038849,0.026894,-0.02338
0.01078,-0.027247,0.01078,-0.063986,0.00046785,-0.028214
0.01207,-0.023702,0.019159,-0.039493,-0.018868,-0.030792
0.0072355,-0.016612,0.021738,-0.049162,-0.03047,-0.036593
0.0040128,-0.011134,0.018515,-0.00049895,-0.010167,-0.032404
0.003046,-0.023058,0.0072355,0.055898,0.048164,-0.032404
-0.0021103,-0.024991,0.0069132,-0.01339,0.070078,-0.031114
0.0027237,-0.019835,0.021415,-0.054318,0.04913,-0.026603
0.012714,-0.018224,0.020771,-0.12071,0.043974,-0.022091
0.011747,-0.025314,-0.00082122,-0.18129,0.014325,-0.024669
0.012714,-0.027892,0.0059464,-0.0027548,0.00014558,-0.026925
0.012714,-0.029181,0.028827,0.05622,0.00046785,-0.022735
0.012714,-0.029825,0.040107,0.028183,0.00014558,-0.021769
0.013036,-0.025958,0.033984,0.021415,0.0098136,-0.022735
0.014648,-0.023702,0.025283,0.036562,0.034951,-0.019513
0.018515,-0.022735,0.031728,0.082969,0.069756,-0.01629
0.016904,-0.022735,0.018515,0.14646,0.066855,-0.025314
0.012392,-0.02338,0.0062687,0.013681,0.059443,-0.026925
0.012714,-0.023702,0.0011124,-0.038204,0.048486,-0.024025
0.0091691,-0.028859,0.0049796,-0.074943,-0.0027548,-0.034982
0.0046573,-0.03047,0.0017569,-0.13166,0.01078,-0.038527
0.0075578,-0.025958,0.00079012,-0.0859,0.012714,-0.034659
0.0098136,-0.022735,0.0059464,-0.042394,-0.041105,-0.034337
0.013359,-0.01629,0.031083,0.13937,-0.025958,-0.028859
0.0059464,-0.021446,0.01787,0.090059,-0.022413,-0.033048
0.0088468,-0.017257,0.0075578,-0.018868,0.00788,-0.022413
0.017548,-0.011456,0.025927,0.00014558,0.11681,-0.010489
0.017548,-0.012101,0.037851,0.039462,0.11358,-0.015001
0.01497,-0.017579,0.020126,-0.0021103,0.052031,-0.021769
0.011103,-0.025636,0.00014558,-0.098469,0.0098136,-0.02338
0.0085246,-0.020157,0.0069132,-0.084933,-0.0082334,-0.025636
0.0091691,-0.021446,0.0056242,-0.0050107,-0.021769,-0.028536
0.011425,-0.017579,0.017548,-0.053029,-0.0043662,-0.025314
0.016904,-0.012745,0.034628,-0.043683,0.039785,-0.015001
0.015937,-0.015968,0.027216,-0.085256,0.055576,-0.018546
0.0091691,-0.024991,0.017548,-0.04755,0.050097,-0.026603
0.0056242,-0.034982,0.00788,-0.058507,0.015614,-0.032081
0.006591,-0.033693,0.0091691,-0.0092002,0.00788,-0.030148
0.0069132,-0.032726,0.011103,0.062021,0.018515,-0.026603
0.0033683,-0.035949,-0.0030771,-0.090412,0.011425,-0.032404
0.0059464,-0.031437,0.010458,-0.080744,0.010136,-0.025636
0.011747,-0.0075889,0.035273,-0.070754,0.042685,-0.017579
0.013681,0.023027,0.031083,0.00788,0.042685,-0.021124
0.012714,0.006591,0.026572,0.091992,0.027538,-0.027892
0.012392,-0.023058,0.025927,0.02496,0.012714,-0.02757
0.010136,-0.035304,0.01787,-0.067209,-0.0011435,-0.027892
0.01078,-0.028536,0.025605,-0.025636,-0.0024326,-0.029181
0.0059464,-0.022091,0.014003,0.051709,-0.018546,-0.029503
0.0049796,-0.02338,0.0088468,0.023671,-0.0027548,-0.03337
0.011425,-0.022735,0.015292,-0.058507,0.049453,-0.02628
0.01497,-0.02048,0.0043351,-0.038849,0.048486,-0.022413
0.012392,-0.022413,0.017548,-0.022413,0.017226,-0.029181
0.0091691,-0.025314,0.010136,-0.0059775,0.00079012,-0.031114
0.0069132,-0.026925,0.00788,-0.042716,-0.016612,-0.03047
0.0053019,-0.024025,0.01787,-0.041427,0.016904,-0.028859
0.0088468,-0.025314,0.0014347,-0.053673,0.039462,-0.02757
0.0085246,-0.024991,0.013681,-0.012423,-0.00049895,-0.032081
0.011103,-0.020802,0.015614,0.00079012,0.020771,-0.027892
0.013681,-0.024669,0.0094914,-0.069787,0.0024015,-0.028536
0.0082023,-0.042716,0.010458,-0.0011435,-0.037238,-0.034337
0.0082023,-0.053996,0.014325,0.12035,-0.030792,-0.035626
0.00788,-0.051417,0.0088468,0.079746,0.017548,-0.026925
0.011425,-0.036271,0.020771,-0.048839,0.090381,-0.012745
0.0098136,-0.014679,0.016904,-0.099758,0.10714,-0.015968
0.017226,0.014003,0.018193,-0.010812,0.067177,-0.014357
0.027538,0.050419,0.044619,-0.077521,0.066855,-0.0092002
0.017548,0.020449,0.035273,-0.039816,0.041718,-0.02338
0.011747,-0.039493,0.0098136,-0.078488,0.0098136,-0.02338
0.015292,-0.041427,0.022382,0.039462,0.035273,-0.021124
0.01078,-0.035626,0.025283,0.1919,0.048486,-0.024025
0.0069132,-0.028859,0.0062687,0.07459,0.038496,-0.02628
0.010136,-0.010812,0.015937,0.015937,0.021738,-0.026603
0.010136,-0.0043662,0.014648,-0.070431,0.0017569,-0.028214
0.0056242,-0.01339,-0.010167,-0.13424,-0.037882,-0.035626
0.0049796,0.015614,-0.0021103,-0.14197,-0.047228,-0.036593
0.012714,-0.012745,0.028183,-0.059152,-0.010812,-0.027247
0.006591,-0.04465,0.030117,0.085225,0.0075578,-0.029503
0.0088468,-0.032726,0.038173,-0.010167,0.06041,-0.018868
0.01497,-0.033693,0.018515,-0.054962,0.11294,-0.01339
0.012392,-0.036915,0.015937,0.015614,0.045263,-0.023702
0.012392,-0.033048,0.0059464,-0.024991,0.014648,-0.030792
0.011747,-0.028214,0.00788,-0.038204,0.010458,-0.031114
0.0094914,-0.028536,0.01207,-0.021446,0.0056242,-0.031437
0.010136,-0.028536,0.0059464,-0.0095225,0.01078,-0.028214
0.0091691,-0.028536,0.0072355,0.019482,0.018837,-0.028214
0.00788,-0.02628,0.010458,0.089414,0.030439,-0.027247
0.015292,-0.02048,-0.0011435,-0.087511,0.025283,-0.025314
0.015292,-0.018546,0.031083,-0.058507,0.026894,-0.02048
0.013681,-0.017901,0.039462,-0.0027548,0.018515,-0.025636
0.010136,-0.023702,0.018837,-0.027892,0.0053019,-0.026925
0.0036905,-0.028536,0.011425,-0.039816,-0.00082122,-0.028536
0.0046573,-0.027247,0.006591,-0.013712,0.0033683,-0.032081
0.0091691,-0.024347,0.012714,-0.00082122,0.013036,-0.028536
0.012714,-0.02048,0.03624,-0.024669,0.030761,-0.021769
0.0062687,-0.022413,0.019482,-0.057541,0.031728,-0.02628
0.0036905,-0.026603,0.014003,-0.043683,0.023027,-0.031759
0.0062687,-0.026603,0.023349,-0.034982,0.01207,-0.029181
0.0082023,-0.026603,0.0033683,-0.029181,0.00014558,-0.029503
0.016259,-0.016935,0.016904,0.029794,0.0075578,-0.022413
0.017548,-0.012745,0.029794,0.069111,0.017226,-0.017579
0.01078,-0.02338,0.01207,-0.0072666,0.018515,-0.026603
0.012714,-0.024025,0.011425,0.0098136,0.057187,-0.025636
0.014003,-0.016935,0.016904,-0.011778,0.041074,-0.020157
0.012714,-0.0062998,0.018837,-0.012745,0.05332,-0.021446
0.00788,-0.015646,0.01078,-0.014034,0.039785,-0.028214
0.0053019,-0.024991,0.0082023,-0.060441,0.0069132,-0.031759
0.0069132,-0.019513,0.012714,-0.023058,0.017226,-0.028859
0.010136,-0.017579,0.027216,0.017548,0.031728,-0.025958
0.015292,-0.014034,0.029472,-0.04465,0.032372,-0.024025
0.016259,-0.015323,0.018515,-0.14455,-0.0050107,-0.024025
0.0091691,-0.024025,-0.005333,-0.10588,-0.035949,-0.029503
0.0040128,-0.034659,-0.011134,0.056865,-0.037238,-0.031114
0.0062687,-0.031114,0.014003,0.069756,-0.012101,-0.033693
0.0094914,-0.019191,0.037206,-0.0024326,0.071367,-0.028214
0.014648,-0.0098447,0.038496,0.067822,0.15773,-0.018546
0.014003,-0.015968,0.02915,0.0014347,0.078457,-0.017257
0.011425,-0.023702,0.013681,-0.031759,0.025283,-0.02338
0.014003,-0.022735,0.0046573,-0.063341,0.022704,-0.02338
0.0094914,-0.028859,0.00046785,-0.07172,-0.0043662,-0.030792
0.0056242,-0.031759,0.01497,-0.014357,0.00046785,-0.030148
0.0085246,-0.029181,0.022382,0.051064,0.016259,-0.027247
0.0091691,-0.026925,0.030761,0.02915,0.022382,-0.022413
0.00788,-0.014679,0.010136,-0.054318,0.02496,-0.024669
0.01078,0.0053019,0.0011124,0.042363,0.01787,-0.02757
0.017548,-0.014679,0.0033683,-0.023702,0.014325,-0.023702
0.019804,-0.02338,0.027861,-0.093957,0.018837,-0.023058
0.015937,-0.019513,0.027216,-0.047228,0.016259,-0.023702
0.013359,-0.022735,0.022382,0.0020792,0.013681,-0.025958
0.011747,-0.023058,0.0094914,-0.063986,-0.0011435,-0.029503
0.011425,-0.02048,0.00014558,-0.037238,-0.001788,-0.02628
0.010136,-0.023058,0.018193,-0.00017668,0.011747,-0.02338
0.0075578,-0.02757,0.016581,-0.025314,-0.00017668,-0.031114
0.00788,-0.028536,0.015614,-0.029825,-0.030148,-0.034659
0.0098136,-0.026603,0.023349,-0.027247,-0.012423,-0.032726
0.011425,-0.029503,0.01497,0.025283,0.039462,-0.025314
0.0098136,-0.032404,0.0072355,0.056865,0.091992,-0.022735
0.011425,-0.029503,0.0091691,-0.069787,0.066855,-0.017579
0.013359,-0.021446,0.0091691,-0.12973,0.037206,-0.017257
0.01497,-0.014357,0.018515,-0.042072,0.01497,-0.020157
0.016581,-0.0082334,0.022704,0.025927,0.014648,-0.020157
0.01207,-0.0024326,0.037206,0.070722,0.0088468,-0.024347
0.0085246,-0.015001,0.033339,0.0062687,0.0098136,-0.02628
0.01207,-0.034337,0.015292,0.020449,0.039462,-0.025958
0.0069132,-0.04046,0.0056242,-0.024669,0.037529,-0.032081
0.0056242,-0.048839,0.0059464,-0.036593,0.016904,-0.031437
0.0033683,-0.048195,-0.0059775,0.00046785,0.0043351,-0.033693
-0.00049895,-0.041427,-0.018224,-0.052062,-0.0043662,-0.037238
0.0046573,-0.032081,0.027216,-0.025314,0.0036905,-0.031437
0.015614,-0.0072666,0.045263,0.065244,0.01207,-0.023702
0.017548,0.0049796,0.035595,0.068789,0.043007,-0.021769
0.014003,0.023349,0.016259,0.016259,0.016904,-0.023702
0.010458,0.0056242,0.01078,-0.084933,0.064599,-0.02338
0.013036,-0.024347,0.024638,-0.063986,0.029794,-0.024669
0.015292,-0.016612,0.020771,-0.043683,0.020771,-0.022091
0.014648,-0.020802,0.01787,-0.025314,0.10166,-0.016612
0.013681,-0.023058,0.018515,-0.032726,0.062021,-0.023058
0.0085246,-0.02757,0.01207,-0.063019,-0.0027548,-0.02757
0.0053019,-0.025958,0.01078,-0.067209,0.016259,-0.033693
0.0069132,-0.027892,0.011747,-0.048517,0.020126,-0.033693
0.0053019,-0.02757,0.0085246,0.042041,0.037851,-0.02628
0.0098136,-0.024025,0.016904,0.087803,0.006591,-0.022413
0.01078,-0.020157,0.022704,-0.0079111,-0.025314,-0.026925
0.0094914,-0.034659,0.013681,-0.09299,0.0094914,-0.024347
0.011747,-0.054962,0.01078,-0.071398,0.028183,-0.022735
0.012714,-0.041749,0.015614,-0.022735,0.023993,-0.022091
0.013359,-0.034982,0.012392,-0.021446,0.003046,-0.025958
0.010136,-0.033048,0.016259,-0.03337,-0.00017668,-0.027892
0.006591,-0.02338,0.015937,-0.033048,0.0011124,-0.032081
0.00788,0.017226,0.01497,0.00014558,-0.0059775,-0.035949
0.016259,0.039785,0.023993,0.039462,0.0069132,-0.02757
0.016904,-0.0021103,0.019804,0.06041,0.020126,-0.022413
0.011747,-0.025314,0.0072355,0.017548,0.021093,-0.028536
0.0046573,-0.04046,-0.0014658,0.029472,0.028183,-0.035949
0.0049796,-0.034982,0.0040128,-0.036271,0.038173,-0.026603
0.016581,-0.015323,0.033984,-0.062697,0.058476,-0.015646
0.018837,-0.013712,0.037851,-0.046583,0.043007,-0.01629
0.017548,-0.0095225,0.031728,-0.03047,0.0094914,-0.019513
0.012714,-0.0095225,0.024316,0.03205,0.00788,-0.024025
0.010136,-0.021769,0.020126,0.01207,0.01207,-0.026603
0.013359,-0.035304,0.020449,-0.051095,0.014003,-0.028536
0.010136,-0.028859,0.0088468,-0.10717,0.044619,-0.028859
0.006591,-0.02757,0.0024015,0.011103,0.04623,-0.032726
0.011425,-0.027892,-0.0027548,-0.017579,0.02206,-0.02757
0.01207,-0.02757,-0.0095225,-0.068498,0.018837,-0.027247
0.014003,-0.020802,0.019482,-0.053351,0.025927,-0.026925
0.01078,-0.01629,0.042363,0.0094914,0.028183,-0.025636
0.0036905,-0.024991,0.013359,0.047519,0.0098136,-0.032404
0.0085246,-0.027247,0.021738,0.0014347,-0.0082334,-0.026925
0.0098136,-0.028214,0.011425,-0.095246,0.0059464,-0.022735
0.0094914,-0.030792,-0.0043662,-0.063341,0.018837,-0.026925
0.010458,-0.021769,0.038496,0.069756,0.029794,-0.028214
0.0082023,-0.019835,0.035273,-0.0088779,0.020449,-0.028536
0.0091691,-0.024991,0.023027,-0.02628,0.020126,-0.024991
0.0059464,-0.02338,0.020449,-0.029181,0.026249,-0.025636
0.012392,-0.0014658,0.018837,-0.0030771,0.028827,-0.024025
0.013036,0.0020792,0.012714,0.0085246,0.019482,-0.02338
0.013359,-0.036271,0.006591,-0.024991,0.02496,-0.02048
0.012714,-0.046261,0.0033683,0.0036905,0.040751,-0.023058
0.01078,-0.035949,0.00079012,0.012392,0.042041,-0.027247
0.011425,-0.026603,0.0036905,-0.049162,0.013036,-0.029181
0.0091691,-0.025314,0.01207,-0.050773,-0.001788,-0.027892
0.010136,-0.022413,0.014648,0.010136,0.014325,-0.025958
0.012392,-0.018546,0.022704,0.08039,0.028183,-0.022735
0.01078,-0.022091,0.015292,0.01078,0.030761,-0.026603
0.01078,-0.021769,0.017548,-0.05883,0.014648,-0.028536
0.0091691,-0.021769,0.01207,-0.040138,0.035273,-0.030148
0.0062687,-0.028536,-0.001788,-0.079133,0.024316,-0.029181
0.0075578,-0.030792,-0.0046884,-0.10975,0.0024015,-0.028536
0.0085246,-0.025314,0.013681,-0.080099,0.026572,-0.022735
0.013681,-0.017901,0.049453,0.039785,0.039462,-0.016612
0.01497,-0.012745,0.035595,0.12776,0.039785,-0.017901
0.012392,-0.014357,0.020771,-0.038204,0.010136,-0.023702
0.006591,-0.022735,0.00014558,0.051386,-0.022091,-0.030792
0.0062687,-0.018868,0.023671,0.033017,-0.039816,-0.03047
0.013359,-0.021124,0.033017,-0.082033,-0.044972,-0.026603
0.011103,-0.025958,0.023027,-0.10137,-0.0011435,-0.024991
0.014003,-0.01629,0.025927,0.015292,0.15226,-0.011778
0.019482,-0.0085557,0.027538,0.072978,0.14484,-0.013067
0.017226,-0.012423,0.0088468,-0.019191,0.036884,-0.02338
0.012714,-0.0059775,-0.013067,-0.046583,0.024316,-0.03047
0.013681,0.012714,0.025283,0.012392,0.030761,-0.030148
0.0098136,-0.013067,0.031406,0.071367,0.039785,-0.028214
0.006591,-0.035304,0.018837,-0.043361,0.020449,-0.029503
0.0040128,-0.034982,0.021415,-0.086222,0.010136,-0.031114
0.0053019,-0.033048,0.0049796,-0.024347,0.0075578,-0.034015
0.011103,-0.028214,0.01207,-0.024025,0.0075578,-0.028536
0.0098136,-0.02338,0.019482,-0.021446,-0.00049895,-0.029181
0.012714,-0.02048,0.018515,-0.080422,0.00079012,-0.027892
0.015937,-0.020157,0.012714,-0.056251,-0.0082334,-0.026603
0.011747,-0.022413,0.0072355,-0.035949,-0.0059775,-0.02757
0.0091691,-0.027892,0.015292,0.032372,0.04333,-0.023058
0.012714,-0.029825,0.023993,0.006591,0.055898,-0.01629
0.0085246,-0.021124,0.023993,-0.04046,0.036562,-0.019835
0.0056242,-0.020157,0.013036,0.017548,0.014003,-0.024669
0.0072355,-0.020157,0.011425,-0.036593,0.0059464,-0.024991
0.0053019,-0.020802,0.011425,-0.023702,0.0046573,-0.029825
0.0085246,-0.025314,0.0053019,0.0069132,0.013359,-0.02757
0.012714,-0.022735,0.00014558,-0.050451,0.013036,-0.024991
0.010458,-0.025314,0.0094914,-0.097824,0.013681,-0.025958
0.0094914,-0.028536,0.011103,-0.1091,0.013036,-0.030792
0.0069132,-0.02757,0.01207,-0.038204,0.0033683,-0.032081
0.0091691,-0.01339,0.02496,0.073945,0.014325,-0.024025
0.011103,-0.01629,0.021093,0.075234,0.026572,-0.02628
0.011425,-0.023702,0.022382,0.0036905,0.026249,-0.025958
0.01078,-0.019191,0.021738,0.01207,0.035595,-0.026925
0.01078,-0.024025,0.013359,-0.011456,0.036884,-0.02628
0.012714,-0.024669,0.012714,-0.068175,0.016259,-0.025636
0.0075578,-0.025636,0.016259,-0.074943,-0.0046884,-0.027247
0.0091691,-0.022091,0.017548,-0.03337,-0.011456,-0.032081
0.017226,-0.017901,0.01078,-0.034982,0.0053019,-0.027247
0.017548,-0.016612,0.010458,-0.042072,0.011103,-0.026603
0.013359,-0.017901,0.025927,0.14259,0.040429,-0.02628
0.011103,-0.022413,0.0094914,-0.001788,0.015614,-0.02628
0.014325,-0.017901,0.019482,-0.070754,-0.016612,-0.022735
0.0098136,-0.022735,0.012392,-0.024347,0.047197,-0.023058
0.0014347,-0.029503,0.011747,0.049775,0.06041,-0.03047
0.0049796,-0.026925,0.02206,0.028183,0.060732,-0.028859
0.0094914,-0.024991,0.01787,-0.065597,0.08039,-0.024347
0.0088468,-0.024025,0.01787,-0.066886,0.059765,-0.023702
0.012392,-0.02338,0.018515,-0.10491,0.019159,-0.025314
0.0094914,-0.021446,0.015292,-0.044005,0.0075578,-0.028536
0.0098136,-0.018224,0.015292,0.075879,0.022382,-0.026603
0.010458,-0.02628,0.014648,0.10198,0.042041,-0.024025
0.012392,-0.043038,0.018837,-0.084933,0.044941,-0.023702
0.013681,-0.039171,0.021738,-0.018546,0.0069132,-0.023702
0.013036,-0.035949,0.02206,0.062343,0.018193,-0.021124
0.015614,-0.019835,0.032695,0.093281,0.036884,-0.02048
0.01497,-0.0085557,0.023027,-0.022091,0.024638,-0.024991
0.015292,0.015292,0.0091691,-0.13005,0.02496,-0.025636
0.013681,0.023349,0.0085246,-0.094279,0.020771,-0.032081
0.0072355,-0.025958,0.0017569,-0.10975,-0.0082334,-0.036593
0.0088468,-0.035949,-0.00082122,-0.0056553,-0.020157,-0.032404
0.0088468,-0.02757,0.01497,-0.037238,-0.012101,-0.030792
0.0085246,-0.024025,0.019159,-0.046261,-0.022091,-0.025958
0.0088468,-0.020802,0.024638,0.15709,-0.0030771,-0.02338
0.011425,-0.020157,0.037529,0.19222,0.0075578,-0.020157
0.016259,-0.016612,0.021093,-0.045617,0.011425,-0.017901
0.01497,-0.022091,0.0059464,-0.16228,0.059765,-0.017257
0.012392,-0.019191,0.033339,-0.1033,0.08458,-0.016935
0.013036,-0.023702,0.023671,0.055576,0.048808,-0.021446
0.01078,-0.02757,0.013036,0.096182,0.026572,-0.025958
0.0094914,-0.025314,0.017548,0.016259,0.0053019,-0.024991
0.012392,-0.024991,0.0056242,-0.02757,0.0094914,-0.024991
0.013036,-0.02338,-0.0027548,-0.09718,0.045585,-0.022735
0.013359,-0.022735,0.012714,-0.098146,0.052998,-0.024669
0.01207,-0.022091,0.015937,-0.055607,0.021093,-0.02757
0.0082023,-0.023702,0.019804,-0.043361,0.018837,-0.029503
0.0085246,-0.02338,0.023993,0.046552,0.021093,-0.028859
0.0043351,-0.024669,0.013036,0.028827,0.012714,-0.030792
0.0056242,-0.019191,0.0091691,0.0094914,0.011747,-0.035304
0.0046573,-0.022735,0.00046785,0.016904,0.01078,-0.036915
0.0036905,-0.026603,0.00079012,-0.041427,0.0072355,-0.034982
0.0094914,-0.022413,0.016904,-0.084933,0.0085246,-0.030148
0.013036,-0.02048,0.031083,-0.057541,-0.00049895,-0.02757
0.013359,-0.025636,0.028183,-0.013712,-0.0082334,-0.024025
0.012392,-0.034659,0.0043351,0.00788,0.010136,-0.021446
0.01497,-0.033048,0.023671,-0.019191,0.037206,-0.018546
0.011425,-0.03047,0.026249,-0.074943,0.042363,-0.019513
0.0088468,-0.031114,0.020449,-0.061408,0.050097,-0.020802
0.012392,-0.032404,0.023349,-0.082677,0.034628,-0.020157
0.015292,-0.011134,0.012392,-0.027247,0.0088468,-0.024347
0.015937,0.024638,0.013359,-0.012423,0.011103,-0.022413
0.014325,0.0059464,0.014003,-0.014034,0.036884,-0.02338
0.010458,-0.026603,0.014325,-0.038849,0.026572,-0.027892
0.0053019,-0.035949,0.0094914,-0.036915,0.024316,-0.029825
0.0056242,-0.036915,0.014003,0.016581,0.028827,-0.026925
0.0091691,-0.03047,0.011747,0.026894,0.021093,-0.02628
0.00788,-0.025958,0.019482,-0.025958,0.0082023,-0.028214
0.0091691,-0.030148,0.010458,-0.073654,-0.001788,-0.028214
0.013036,-0.022413,0.020126,-0.0079111,0.0036905,-0.027247
0.015937,0.017548,0.029472,0.074912,0.018837,-0.024669
0.015292,0.02206,0.025927,0.11358,0.040429,-0.024991
0.013036,-0.025636,0.014648,0.069433,0.052031,-0.025314
0.014003,-0.019835,0.025605,0.047197,0.042363,-0.023702
0.015614,-0.02048,0.012392,-0.046583,0.023349,-0.021124
0.010136,-0.029825,0.0062687,-0.066242,0.0020792,-0.029181
0.0088468,-0.024991,0.01497,-0.072687,0.0011124,-0.027892
0.0069132,-0.030792,0.0043351,-0.13972,-0.015001,-0.030792
0.006591,-0.03047,0.00788,-0.10201,-0.0085557,-0.032404
0.0098136,-0.02757,0.01207,0.0069132,0.013036,-0.028536
0.01078,-0.025636,0.02206,0.2006,0.040751,-0.022413
0.006591,-0.02757,0.014003,0.020771,0.0704,-0.028214
0.0059464,-0.028859,0.0049796,-0.10814,0.054931,-0.028536
0.0072355,-0.027247,0.010458,-0.034982,0.020771,-0.025314
0.014003,-0.017579,0.019804,-0.053996,0.034951,-0.021124
0.015292,-0.014357,0.030117,0.025283,0.050742,-0.018224
0.010136,-0.019513,0.026572,0.032695,0.050419,-0.02338
0.014003,-0.018546,0.026572,0.042363,0.032695,-0.021769
0.016581,-0.020802,0.020771,-0.022735,0.022382,-0.021769
0.014325,-0.022735,0.011425,-0.077199,0.0072355,-0.025958
0.012392,-0.031114,0.015614,-0.017901,-0.012101,-0.029181
0.011747,-0.033693,0.01207,-0.032726,-0.021446,-0.02757
0.010136,-0.027247,0.01787,-0.018546,-0.01629,-0.027247
0.0098136,-0.025314,0.0062687,-0.063019,-0.0037216,-0.028214
0.006591,-0.033693,-0.01339,-0.079455,0.032372,-0.03337
0.0062687,-0.02757,0.003046,0.029472,0.064922,-0.030792
0.011747,-0.01629,0.027538,0.027861,0.051386,-0.02338
0.010458,-0.016612,0.029472,-0.0066221,0.052031,-0.026603
0.0072355,-0.018224,0.030439,0.08168,0.034628,-0.027247
0.01497,-0.015646,0.033339,0.035917,0.02206,-0.021124
0.014325,-0.014034,0.022382,-0.086867,0.014003,-0.027247
0.011103,-0.010489,0.026894,-0.03756,0.0094914,-0.026925
0.0072355,-0.014034,0.017226,-0.05464,-0.0030771,-0.029181
0.0082023,-0.019835,0.011103,-0.035304,-0.0014658,-0.031437
0.0049796,-0.021446,0.013681,-0.011456,0.027538,-0.027892
0.0020792,-0.026925,0.0069132,-0.023702,0.034951,-0.029503
0.00079012,-0.033048,0.0069132,-0.034982,0.015292,-0.03047
0.0056242,-0.035304,0.0043351,-0.014034,0.0062687,-0.033048
0.013359,-0.031114,0.0056242,-0.024025,0.0069132,-0.031114
0.016581,-0.022735,0.011103,-0.058507,0.015937,-0.02757
0.018193,-0.015646,0.02206,-0.095568,0.032695,-0.02048
0.016259,-0.015323,0.027216,-0.034015,0.023349,-0.020157
0.012392,-0.021769,0.012392,-0.018546,0.013681,-0.019835
0.014648,-0.022413,0.021093,-0.038204,0.034628,-0.015968
0.015614,-0.017901,0.028827,0.039785,0.047841,-0.014679
0.0088468,-0.022091,0.014325,-0.0082334,0.023671,-0.021446
0.0094914,-0.02338,0.023671,0.052998,0.0069132,-0.022091
0.010136,-0.02338,0.013036,-0.014034,-0.0050107,-0.029825
0.0072355,-0.024669,0.014325,-0.067531,-0.0043662,-0.032081
0.0082023,-0.024025,0.015937,-0.011456,-0.0059775,-0.028859
0.01207,-0.019191,0.013681,-0.0056553,0.011103,-0.028536
0.011103,-0.018224,0.01078,0.013359,0.050742,-0.02757
0.006591,-0.023702,0.0075578,0.0043351,0.020449,-0.031114
0.006591,-0.024347,0.011747,-0.060119,0.011103,-0.029503
0.0094914,-0.018546,0.013681,-0.082355,0.05622,-0.02338
0.0091691,-0.017901,0.01207,0.014325,0.076846,-0.025636
0.01078,-0.015968,0.022704,-0.015968,0.045908,-0.023058
0.014003,-0.017257,0.029794,0.077812,0.015292,-0.020802
0.014325,-0.024669,0.024638,0.051064,0.00788,-0.019835
0.016581,-0.021769,0.025605,-0.017901,-0.0011435,-0.020157
0.015614,-0.017257,0.0072355,-0.00082122,-0.011456,-0.022413
0.010458,-0.021124,0.012392,-0.037238,0.0069132,-0.027247
0.011425,-0.021124,0.017226,-0.012745,0.017548,-0.028859
0.011747,-0.019835,0.012714,-0.010812,0.059121,-0.025958
0.011425,-0.018546,0.014325,0.0082023,0.10617,-0.024991
0.0098136,-0.019835,0.010458,-0.024991,0.037206,-0.026925
0.0053019,-0.024991,0.0098136,-0.045294,-0.011456,-0.03337
0.0049796,-0.025314,0.0033683,-0.074298,-0.011134,-0.035949
0.0094914,-0.024347,0.0075578,-0.11071,-0.015323,-0.034337
0.013359,-0.017579,0.018193,-0.079133,-0.0027548,-0.025314
0.013681,-0.015001,0.025283,0.040429,0.043652,-0.021446
0.01207,-0.019513,0.023349,0.10488,0.046875,-0.022091
0.011103,-0.021124,0.023671,0.023671,0.016904,-0.024347
0.010458,-0.030792,0.014325,-0.064953,0.013359,-0.029825
0.0088468,-0.032404,0.01787,-0.042394,0.027538,-0.02757
0.011425,-0.022091,0.019804,0.027538,0.056865,-0.023058
0.01078,-0.022091,0.016904,0.048808,0.045585,-0.024669
0.0088468,-0.027247,0.012392,-0.0088779,0.021093,-0.026603
0.0094914,-0.03047,0.013359,-0.043361,0.01078,-0.02757
0.012392,-0.033048,0.015292,-0.049806,0.0082023,-0.025314
0.011425,-0.028536,0.018193,-0.033048,0.011747,-0.022413
0.0069132,-0.031114,0.018837,-0.032081,0.01207,-0.024025
0.0069132,-0.034659,0.016904,-0.025958,0.012714,-0.024669
0.00788,-0.0082334,0.012714,-0.025636,0.018837,-0.026603
0.01078,-0.018868,0.010136,-0.061408,0.025605,-0.028859
0.012714,-0.026925,0.016259,-0.060763,0.019804,-0.024991
0.015937,-0.005333,0.020126,-0.0027548,0.017226,-0.021124
0.018837,0.011747,0.018193,-0.0066221,0.0075578,-0.025314
0.014325,0.01078,0.0072355,0.088125,0.003046,-0.02757
0.00788,-0.035626,-0.00017668,0.083613,0.02496,-0.02628
0.0082023,-0.036271,-0.0030771,0.069433,0.040751,-0.025958
0.01078,-0.0069443,0.048164,-0.02757,0.033662,-0.024025
0.013359,-0.0072666,0.035273,-0.11136,0.047519,-0.018546
0.013359,-0.013067,0.030761,-0.05883,0.032372,-0.024991
0.0098136,0.0056242,0.032695,-0.070754,0.0062687,-0.027892
0.0098136,0.006591,0.011103,-0.066242,0.0085246,-0.026925
0.0082023,-0.044327,0.0094914,-0.094601,0.010136,-0.02757
0.012714,-0.036593,0.0094914,-0.14939,0.014648,-0.025636
0.014003,-0.028536,0.02496,0.027861,0.039462,-0.021446
0.011747,-0.040783,0.026572,0.10521,0.048164,-0.021769
0.010136,-0.037238,0.013681,0.076846,0.036562,-0.024347
0.0088468,-0.036271,0.0072355,-0.026603,0.014003,-0.027892
0.01078,-0.030792,0.013359,-0.025314,0.016259,-0.026603
0.01078,-0.024347,0.01787,-0.0040439,0.019482,-0.025958
0.010136,-0.023702,0.018193,-0.0082334,0.019482,-0.026925
0.0085246,-0.028214,0.00788,-0.01339,0.028183,-0.026925
0.0088468,-0.029181,0.0053019,0.0043351,0.041396,-0.025636
0.011103,-0.02757,0.0082023,-0.029181,0.02496,-0.028214
0.011103,-0.025314,0.013036,-0.029825,0.012392,-0.030792
0.0049796,-0.031759,0.0043351,-0.043683,0.0011124,-0.033693
0.0043351,-0.025314,0.00788,-0.025636,0.0020792,-0.031437
0.012392,-0.0062998,0.02206,-0.011778,0.016259,-0.022735
0.016904,-0.011134,0.022382,-0.024347,0.020771,-0.019191
0.015614,-0.018224,0.0024015,-0.00049895,0.014003,-0.023058
0.012392,-0.023702,0.0027237,-0.049484,0.015937,-0.021446
0.012392,-0.032404,0.027861,-0.054962,0.012714,-0.025636
0.011425,-0.029503,0.034306,-0.011778,0.016259,-0.02757
0.010136,-0.028536,0.016581,0.0011124,0.016259,-0.025314
0.012714,-0.023058,0.017226,-0.032081,0.013359,-0.024025
0.015937,-0.024025,0.020449,-0.025636,0.019804,-0.023702
0.0094914,-0.01339,0.020449,0.0059464,0.041074,-0.022735
0.006591,-0.0024326,0.023349,0.034628,0.039785,-0.025314
0.0033683,-0.015968,0.018837,0.0011124,0.022382,-0.029825
0.0059464,-0.023702,0.0027237,-0.064953,0.018837,-0.026925
0.013036,-0.022413,0.0049796,-0.093635,0.0098136,-0.029825
0.015937,-0.021769,0.019482,-0.0043662,0.01787,-0.029503
0.0085246,-0.021446,0.01497,0.015937,0.02206,-0.029825
0.0082023,-0.022413,0.020771,-0.035304,0.018837,-0.03047
0.010458,-0.021446,0.022704,0.031406,0.023349,-0.025314
0.011103,-0.017257,0.023993,0.045908,0.039785,-0.021769
0.010136,-0.018546,0.020771,0.035917,0.047197,-0.02338
0.0091691,-0.025314,0.0075578,-0.01629,0.030439,-0.031437
0.0069132,-0.025636,0.01078,-0.010489,0.013036,-0.033693
0.0069132,-0.024991,0.010458,-0.030148,0.0027237,-0.031114
0.010458,-0.019513,0.017548,-0.045294,-0.0056553,-0.025958
0.01207,-0.015646,0.020771,-0.045617,-0.0085557,-0.022413
0.012714,-0.021124,0.0069132,-0.065597,-0.0037216,-0.023058
0.013681,-0.021124,0.0059464,-0.043038,0.027216,-0.024991
0.013681,-0.019835,0.01497,0.00046785,0.047519,-0.021446
0.014648,-0.025636,0.020449,-0.026603,0.019159,-0.021769
0.016259,-0.025958,0.023671,-0.029825,0.027538,-0.02048
0.011747,-0.024025,0.017548,-0.047872,0.025283,-0.022091
0.012714,-0.019191,0.017548,-0.04755,0.042685,-0.022413
0.01207,-0.01629,0.023349,-0.015001,0.06041,-0.022735
0.011425,-0.022735,0.025605,0.070078,0.062343,-0.021124
0.0094914,-0.026925,0.0085246,0.076846,0.043974,-0.025636
0.0098136,-0.025958,0.0056242,0.042685,0.037529,-0.033048
0.0075578,-0.025314,0.015292,0.048808,0.024638,-0.034659
0.006591,-0.024347,0.01497,0.03624,0.019159,-0.033693
0.0085246,-0.019513,0.01207,-0.064953,0.011103,-0.029503
0.011425,-0.015646,0.019482,-0.078488,0.0043351,-0.025636
0.012714,-0.01629,0.023349,0.00014558,-0.0027548,-0.023702
0.0094914,-0.022091,0.013036,-0.038527,-0.005333,-0.025636
0.0069132,-0.024347,0.0072355,-0.081066,-0.0024326,-0.028536
0.0040128,-0.025636,0.0053019,-0.036271,-0.0030771,-0.033048
0.0033683,-0.023058,0.010136,-0.017901,0.021415,-0.03047
0.0069132,-0.023058,0.017548,0.0017569,0.043652,-0.025314
0.0072355,-0.029181,0.01207,-0.03047,0.040751,-0.024669
0.0062687,-0.041105,0.013681,-0.052706,0.029794,-0.024025
0.0056242,-0.044972,0.028505,-0.10878,0.011103,-0.02628
0.010136,-0.046261,0.025283,-0.034337,0.01497,-0.02338
0.018193,-0.012745,0.019804,0.12583,0.02496,-0.023058
0.02915,0.020126,0.027216,0.029794,0.044296,-0.020157
0.023993,-0.010812,0.023993,-0.032081,0.043974,-0.01629
0.018515,-0.0088779,0.016904,-0.057863,0.006591,-0.018224
0.017226,0.035917,0.019159,-0.027892,0.0043351,-0.021769
0.011425,0.0049796,0.02206,-0.01339,0.013681,-0.025314
0.010458,-0.033048,0.0082023,-0.012423,0.023671,-0.029181
0.010458,-0.02628,0.006591,-0.015323,0.034628,-0.023058
0.0094914,-0.034982,0.011103,-0.032726,0.026249,-0.027247
0.0088468,-0.04755,0.019159,-0.039816,0.0033683,-0.029503
0.003046,-0.067531,0.011103,-0.052706,-0.011134,-0.032081
-0.0021103,-0.06173,-0.0062998,-0.02338,-0.0011435,-0.034015
0.0049796,-0.048195,0.013359,0.015614,0.029794,-0.026925
0.0069132,-0.026603,0.019804,-0.032081,0.026249,-0.028859
0.0094914,0.0098136,0.016904,-0.0056553,0.035273,-0.025314
0.016259,0.03205,0.03624,0.034306,0.064599,-0.022735
0.016904,0.030117,0.023671,-0.014034,0.019159,-0.029181
0.016581,-0.011456,0.014648,-0.039171,0.02206,-0.024025
0.021093,-0.024669,0.0098136,0.0043351,0.046552,-0.022735
0.020126,-0.016612,0.014325,-0.031759,0.023993,-0.024025
0.01078,-0.023702,0.02206,-0.081711,-0.001788,-0.028859
0.0094914,-0.026925,0.012392,-0.031759,0.0017569,-0.03047
0.0098136,-0.025314,0.019482,0.033017,0.023993,-0.024991
0.0075578,-0.025314,0.019482,0.034628,0.029794,-0.026925
0.006591,-0.026603,0.011747,-0.035949,0.015292,-0.027892
0.0075578,-0.026925,0.010458,-0.048839,0.011425,-0.027247
0.0053019,-0.029503,0.015292,-0.029825,0.014325,-0.029503
0.003046,-0.030148,0.016581,-0.013712,0.016581,-0.030792
0.0062687,-0.028536,0.018193,0.021093,0.023671,-0.027892
0.010458,-0.031114,0.023993,0.0091691,0.019804,-0.024025
0.011425,-0.031437,0.023349,-0.023058,-0.0043662,-0.021769
0.0098136,-0.029825,0.0085246,-0.0027548,-0.012423,-0.027247
0.0062687,-0.033048,-0.0059775,-0.070431,-0.0046884,-0.03337
0.0040128,-0.031114,0.0020792,-0.093957,-0.019191,-0.034659
0.0094914,-0.024347,-0.0011435,-0.066564,-0.0066221,-0.03047
0.014648,-0.018868,0.012392,0.054287,0.039462,-0.026603
0.021738,-0.015001,0.02915,0.16096,0.063633,-0.013712
0.018837,-0.014034,0.027216,0.013681,0.078135,-0.010489
0.016904,-0.010167,0.035917,-0.066564,0.12229,-0.011456
0.016259,-0.0095225,0.023027,0.037851,0.090381,-0.017901
0.0094914,-0.022735,-0.010812,-0.046583,0.045908,-0.024991
0.0072355,-0.02338,0.021415,-0.098469,0.02915,-0.030148
0.0072355,-0.024991,0.052031,-0.063341,0.021415,-0.030148
0.0085246,-0.027892,0.031083,0.034306,0.021093,-0.026603
0.0098136,-0.029181,0.013036,0.026249,0.025927,-0.02338
0.014325,-0.019835,0.015614,0.00079012,0.018515,-0.024991
0.01078,-0.015001,0.011425,0.020126,0.0020792,-0.029181
0.0094914,-0.021446,0.0053019,0.02496,-0.0037216,-0.02757
0.01207,-0.022413,0.015937,0.019804,0.0069132,-0.024025
0.011747,-0.018868,0.018837,-0.052062,0.011425,-0.025636
0.0094914,-0.014679,0.0036905,-0.091701,0.00079012,-0.031114
0.011103,-0.011778,0.0075578,-0.09589,0.0014347,-0.030148
0.012714,-0.015646,0.018837,-0.07591,0.012714,-0.027247
0.011103,-0.018224,0.024316,0.015292,0.029794,-0.026603
0.01207,-0.024669,0.015614,0.017548,0.019482,-0.024991
0.013681,-0.032081,-0.0024326,-0.024669,0.0098136,-0.024669
0.0094914,-0.036593,-0.0046884,-0.028214,0.0053019,-0.026925
0.0043351,-0.032081,0.024316,-0.044972,0.0033683,-0.031759
0.0043351,-0.028214,0.034951,-0.034659,0.0053019,-0.028859
0.0043351,-0.027247,0.018515,-0.0092002,0.016581,-0.029825
0.0020792,-0.026925,-0.0069443,0.031728,0.023671,-0.027892
-0.0069443,-0.035304,0.020126,-0.02338,0.018837,-0.030792
-0.0092002,-0.039816,0.033339,-0.095568,0.021415,-0.028214
0.0033683,-0.034982,0.019804,-0.024347,0.01207,-0.026925
0.01497,-0.026925,0.028505,-0.0050107,0.012392,-0.025636
0.018515,-0.025636,0.016904,-0.058507,0.019482,-0.024347
0.023993,-0.013712,0.011747,-0.025314,0.025605,-0.024669
0.028505,-0.0043662,-0.00049895,-0.050773,0.003046,-0.025636
0.028183,-0.0075889,-0.0040439,-0.079455,-0.024991,-0.029825
0.02206,-0.015323,0.010458,-0.039171,-0.011134,-0.029181
0.015937,-0.018224,0.02915,0.079746,0.023671,-0.025958
0.011103,-0.02048,0.028505,0.12841,0.059765,-0.024347
0.010458,-0.02048,0.023993,0.096182,0.096182,-0.017579
0.00788,-0.037238,0.026249,0.11036,0.10972,-0.011456
0.0062687,-0.038849,0.011747,-0.046583,0.052675,-0.018546
0.011747,-0.034015,0.0043351,-0.11974,0.0085246,-0.02628
0.021738,-0.01339,0.014648,-0.14488,0.021093,-0.022413
0.013359,0.0085246,0.018515,-0.038204,0.035273,-0.023058
0.011425,0.0036905,0.023027,0.036884,0.019804,-0.027247
0.018193,0.030761,0.023671,0.08748,0.015937,-0.025636
0.01787,0.030439,0.019159,0.076846,0.02496,-0.025314
0.01497,-0.023058,0.0085246,-0.0088779,0.01078,-0.032081
0.0046573,-0.02628,0.006591,0.0017569,0.0043351,-0.036593
-0.00082122,-0.028214,0.0014347,-0.00082122,0.0027237,-0.038204
0.0014347,-0.043683,0.0033683,-0.05883,-0.0011435,-0.034982
0.0088468,-0.058185,0.025927,-0.10524,-0.00049895,-0.023058
0.0098136,-0.056574,0.029472,-0.077199,-0.0050107,-0.015968
0.0085246,-0.049484,0.021738,-0.018868,0.026572,-0.013712
0.0085246,-0.022735,0.018193,-0.031759,0.011747,-0.019513
0.0091691,0.011425,0.0046573,-0.011456,0.033017,-0.022735
0.016581,0.043007,0.01207,-0.034659,0.08458,-0.023702
0.011103,-0.00049895,-0.0011435,-0.010812,0.041074,-0.03047
0.0033683,-0.036915,0.0014347,-0.023058,0.040107,-0.028214
0.0046573,-0.033693,0.041718,-0.021446,0.030117,-0.03337
0.0088468,-0.032404,0.035595,-0.0014658,0.042363,-0.029503
0.011103,-0.026603,0.023671,-0.073009,0.048486,-0.020802
0.017548,-0.027892,0.02206,0.0036905,0.030439,-0.01629
0.016904,-0.023058,0.022704,0.025283,0.0027237,-0.015646
0.012714,-0.023702,0.010458,0.04623,-0.013067,-0.024025
0.01078,-0.024025,0.023349,-0.037882,0.0017569,-0.026603
0.0085246,-0.033693,0.020126,-0.069142,-0.0037216,-0.029503
0.01078,-0.034982,0.020771,-0.11426,-0.0072666,-0.029181
0.0088468,-0.029503,0.013036,-0.084289,-0.00082122,-0.032081
0.010458,-0.033693,0.0053019,0.00079012,0.01207,-0.032081
0.011103,-0.024347,0.020126,0.043007,0.031728,-0.027247
0.0053019,-0.024669,0.0059464,0.063633,0.037851,-0.027892
0.00014558,-0.031759,-0.0088779,0.098438,0.02915,-0.03337
0.0020792,-0.026603,0.013681,-0.041749,0.016581,-0.031759
0.01078,-0.023702,0.025927,-0.11297,0.013681,-0.024025
0.0088468,-0.031437,0.01078,-0.028536,-0.0027548,-0.025636
0.012392,-0.029503,0.021415,0.12196,0.0075578,-0.023058
0.017548,-0.020157,0.020449,-0.0079111,0.023027,-0.019191
0.018837,-0.012101,0.025283,-0.061085,0.050097,-0.020157
0.01207,-0.017257,0.015614,-0.087834,0.026894,-0.03047
0.01497,-0.021446,0.013681,-0.059152,0.00014558,-0.025314
0.014325,-0.021769,0.014325,-0.066886,0.0072355,-0.025314
0.01207,-0.021769,0.0075578,-0.087189,0.00788,-0.029503
0.0098136,-0.02048,0.012714,-0.056574,0.034951,-0.029503
0.0075578,-0.014357,0.020126,-0.0079111,0.06331,-0.02628
0.0085246,-0.0072666,0.03205,0.052675,0.071367,-0.021769
0.0098136,-0.0095225,0.026572,0.07749,0.028505,-0.019835
0.0056242,-0.017257,0.018837,0.031083,0.014648,-0.02628
0.0062687,-0.024347,0.0094914,-0.027247,0.037529,-0.029181
0.012714,-0.023702,0.003046,-0.074621,0.022382,-0.02757
0.011425,-0.024669,0.0098136,-0.025958,0.016581,-0.024347
0.0088468,-0.029503,0.013036,0.019482,0.015937,-0.028859
0.0072355,-0.031437,0.016259,0.0069132,0.013359,-0.031437
0.0062687,-0.032404,0.00788,-0.032404,0.011425,-0.027892
0.0098136,-0.029825,0.012392,-0.053673,0.011747,-0.025636
0.010136,-0.029503,0.017226,-0.039171,0.011103,-0.025636
0.0069132,-0.032726,0.00079012,-0.051417,0.011425,-0.031437
0.0062687,-0.031114,0.0085246,-0.0027548,0.010458,-0.032404
0.01207,-0.020802,0.030117,0.081357,0.023671,-0.025958
0.011425,-0.017579,0.020126,0.13518,0.044296,-0.024991
0.010136,-0.018546,0.011103,0.050097,0.051064,-0.024025
0.013036,-0.016935,0.014003,-0.030792,0.024316,-0.020157
0.01078,-0.013712,0.020449,-0.14649,0.0040128,-0.019835
0.014648,-0.015323,0.02915,-0.11265,0.014648,-0.020157
0.016259,-0.015001,0.030117,-0.049484,0.01207,-0.018546
0.019804,-0.014034,0.017548,0.039462,0.016581,-0.02048
0.01787,-0.014357,0.020126,0.026249,0.023993,-0.021446
0.013681,-0.01629,0.023349,-0.03756,0.018515,-0.024669
0.011425,-0.017579,0.019482,-0.060119,0.011103,-0.029181
0.011103,-0.018868,0.011425,-0.034337,0.00788,-0.032404
0.010136,-0.020157,0.01787,-0.024347,0.01078,-0.030148
0.0091691,-0.021769,0.013359,0.010458,0.027861,-0.026925
0.010458,-0.022735,0.0085246,-0.02757,0.040429,-0.028536
0.010458,-0.018546,0.018193,-0.028214,0.018193,-0.029503
0.01078,-0.020802,0.014003,0.0053019,0.01078,-0.02757
0.0088468,-0.018868,0.0069132,-0.045294,0.014648,-0.031437
0.0098136,-0.01629,0.016259,0.014648,0.033984,-0.027892
0.0085246,-0.021124,0.011425,0.048486,0.035273,-0.025636
0.0062687,-0.027247,0.0085246,0.0059464,0.029472,-0.028859
0.011103,-0.025314,0.023349,-0.069142,0.038173,-0.028859
0.0094914,-0.030148,0.015937,0.024638,0.040107,-0.025958
0.013359,-0.031759,0.013359,-0.0056553,0.0040128,-0.028536
0.011747,-0.032081,0.01787,-0.025636,-0.035304,-0.028536
0.01078,-0.034659,0.020449,-0.049806,-0.019513,-0.02338
0.014648,-0.03047,0.0040128,-0.072687,0.00079012,-0.019835
0.014003,-0.018546,-0.010489,-0.036915,0.061377,-0.018546
0.011103,-0.021769,0.018193,-0.050773,0.12164,-0.020157
0.0072355,-0.026603,0.022704,0.0040128,0.065888,-0.02338
0.0033683,-0.0072666,0.033017,-0.021446,0.033339,-0.024025
0.0098136,0.01497,0.022382,0.059443,0.035595,-0.019191
0.015292,-0.0088779,0.015937,0.018837,0.037206,-0.013712
0.013681,-0.023058,0.03914,-0.049806,0.0091691,-0.021446
0.0049796,-0.022091,0.036884,0.011747,0.01078,-0.029825
0.0011124,-0.02757,0.0075578,-0.0014658,0.014325,-0.027892
0.0098136,-0.031759,0.013681,-0.0098447,0.010458,-0.031759
0.013681,-0.036271,0.015614,-0.015968,0.0088468,-0.030792
0.00788,-0.042394,0.014325,-0.033693,0.003046,-0.031759
0.010458,-0.036271,0.015292,-0.032404,0.0027237,-0.031437
0.014003,-0.024347,0.01207,-0.03756,-0.00082122,-0.031759
0.018515,-0.015646,0.006591,-0.049806,0.0098136,-0.035304
0.014003,-0.026603,-0.0021103,-0.075265,0.019482,-0.034337
0.0062687,-0.017579,-0.00082122,-0.082677,0.0062687,-0.03337
0.011747,0.012714,0.016259,0.027216,0.01497,-0.029825
0.015937,0.016904,0.01078,0.068467,0.015292,-0.028214
0.019482,-0.0059775,0.01207,0.051064,0.016904,-0.025314
0.027216,-0.005333,0.042041,-0.018546,0.035273,-0.015646
0.026249,-0.010167,0.034628,-0.089767,0.050097,-0.011134
0.016904,-0.020157,0.01787,0.05622,0.051064,-0.014679
0.00788,-0.029181,0.024638,-0.020157,0.044941,-0.017901
0.0046573,-0.039171,0.015937,-0.021769,0.036562,-0.02048
0.0027237,-0.048517,0.015937,-0.001788,0.023671,-0.028536
-0.0024326,-0.064308,0.014003,0.038173,0.025927,-0.028214
0.00014558,-0.058507,0.016259,0.0024015,0.022382,-0.028859
0.0082023,-0.03756,0.015937,-0.053996,0.0091691,-0.028536
0.0091691,-0.037238,0.01497,-0.059796,0.0098136,-0.028214
0.014325,-0.0027548,0.012714,-0.044005,0.0056242,-0.030148
0.01207,0.031083,0.012392,-0.0079111,0.010136,-0.033048
0.0091691,0.041074,0.013036,-0.029503,0.015614,-0.028859
0.01078,-0.0040439,0.0085246,-0.024669,0.0098136,-0.028859
0.010136,-0.043038,0.0075578,-0.035626,0.011103,-0.030148
0.0082023,-0.040783,0.014003,-0.054318,0.011103,-0.029825
0.0053019,-0.040138,0.018515,-0.011456,0.017548,-0.023702
0.0069132,-0.031437,0.018193,-0.012745,0.0014347,-0.022735
0.013036,-0.025958,0.023349,-0.07881,0.015292,-0.021124
0.011747,-0.02757,0.012392,-0.049806,0.015292,-0.024991
0.01078,-0.025958,-0.0011435,0.0036905,-0.00017668,-0.026925
0.0043351,-0.028859,0.024316,-0.0079111,0.0062687,-0.02628
-0.0024326,-0.042716,0.031728,0.027216,0.019804,-0.028859
-0.00017668,-0.044005,0.014325,-0.0095225,0.037851,-0.026925
0.003046,-0.03337,0.018193,-0.056896,0.030117,-0.020802
0.010136,-0.019191,0.019159,0.00014558,0.043974,-0.020802
0.014003,-0.013067,0.013359,0.0082023,0.033339,-0.025958
0.025605,-0.0024326,0.013681,0.015937,0.040751,-0.028859
0.034628,-0.0024326,0.023671,0.061377,0.062021,-0.029503
0.01207,-0.021124,0.015614,0.013359,0.052353,-0.029503
0.0072355,-0.026925,0.0033683,-0.012423,0.022382,-0.028859
0.0091691,-0.024669,-0.010812,-0.11845,-0.0046884,-0.031437
0.0082023,-0.025636,0.010458,-0.10491,-0.0046884,-0.033048
0.01207,-0.013712,0.02915,-0.0050107,0.01497,-0.027892
0.013036,-0.0092002,0.023993,0.071367,0.041396,-0.027247
0.012714,-0.015646,0.026894,0.054609,0.040429,-0.02338
0.01207,-0.018868,0.024638,-0.045294,0.018193,-0.017579
0.011425,-0.019835,0.019804,-0.044327,0.020771,-0.016935
0.0085246,-0.015968,0.020449,0.017226,0.03205,-0.023702
0.01078,-0.029181,0.0094914,-0.02048,0.042363,-0.023058
0.0094914,-0.038204,0.0075578,0.01078,0.03205,-0.025314
0.0088468,-0.026603,0.017226,0.058476,0.0085246,-0.028859
0.0053019,-0.025958,0.0062687,0.043007,-0.0098447,-0.034337
0.0088468,-0.024669,0.016581,0.069756,0.012714,-0.024025
0.011747,-0.022413,0.020126,-0.033048,0.052675,-0.017579
0.010458,-0.022091,0.02206,-0.11748,0.056865,-0.019513
0.0091691,-0.018868,0.030761,-0.069787,0.027216,-0.021124
0.0091691,-0.021124,0.01497,-0.13424,0.0062687,-0.025958
0.013681,-0.021769,0.013036,-0.092346,0.0024015,-0.02338
0.016904,-0.012423,0.027216,-0.041427,0.0062687,-0.025958
0.01497,-0.016935,0.0098136,0.020449,0.015292,-0.029181
0.016581,-0.018546,0.018837,-0.0082334,0.024316,-0.030792
0.010458,-0.017257,0.0082023,-0.046261,0.01497,-0.033693
0.0062687,-0.02757,0.010458,-0.018868,0.01207,-0.034659
0.0020792,-0.035626,0.0043351,0.033017,0.011747,-0.031759
0.0036905,-0.029825,0.0040128,-0.018546,0.014648,-0.026603
0.01497,-0.018546,0.026572,-0.049162,0.016581,-0.023058
0.017226,-0.021769,0.032372,0.0046573,0.0098136,-0.024669
0.012714,-0.028859,0.019159,-0.040783,0.0091691,-0.031114
0.0091691,-0.034982,0.0046573,-0.078488,0.01787,-0.032404
0.0085246,-0.027247,0.0082023,-0.086222,0.0027237,-0.032081
0.01207,0.0043351,0.019804,-0.10008,-0.00017668,-0.026603
0.01787,0.01078,0.025605,-0.025314,0.031406,-0.017901
0.017548,-0.021124,0.025927,0.1471,0.052031,-0.015968
0.012714,-0.028859,0.021738,0.18609,0.059765,-0.02048
0.0091691,-0.035949,0.0082023,0.052353,0.052675,-0.022735
0.0088468,-0.036271,0.010136,0.003046,0.051064,-0.022735
0.0082023,-0.029825,0.016259,0.0088468,0.029794,-0.025958
-0.0024326,-0.035304,0.021093,0.013681,0.019159,-0.026925
-0.0011435,-0.031437,0.020126,-0.015001,0.017548,-0.02757
-0.001788,-0.029825,0.0091691,-0.057863,0.011425,-0.026925
0.0046573,-0.0033994,0.015614,-0.044327,0.00788,-0.027247
0.020449,0.019159,0.027861,-0.045294,0.016581,-0.023058
0.028505,-0.0030771,0.022704,-0.056574,0.01497,-0.024991
0.024638,0.013359,0.014648,-0.026925,0.014003,-0.028859
0.019159,-0.010812,-0.0082334,-0.050128,0.012714,-0.030792
0.010458,-0.031114,0.0027237,-0.057541,0.0082023,-0.029825
0.0011124,-0.035949,0.017226,-0.065275,-0.0033994,-0.031114
0.003046,-0.043038,0.0027237,-0.011134,0.0033683,-0.030792
0.0027237,-0.04755,0.0088468,0.043974,0.0043351,-0.030148
0.0069132,-0.046906,0.0062687,0.05332,0.013036,-0.026925
0.014325,-0.020157,0.0098136,-0.019513,0.031728,-0.018546
0.021738,-0.0040439,0.023027,-0.060763,0.031406,-0.017579
0.017226,-0.020157,0.037206,-0.096213,0.013036,-0.026925
0.0085246,-0.046583,0.021415,-0.09299,0.0040128,-0.029825
0.0094914,-0.056896,0.013359,-0.12361,0.013036,-0.028214
0.01207,-0.040783,0.03205,0.068789,0.057187,-0.018868
0.0098136,-0.038204,0.027538,0.064277,0.062021,-0.018224
0.0053019,-0.02628,0.016904,0.0056242,0.027861,-0.023702
0.0040128,0.0082023,0.015614,0.028827,0.040751,-0.02338
0.012392,0.064277,0.016904,0.021415,0.040429,-0.021769
0.016259,0.020449,0.0027237,-0.034337,0.016259,-0.02338
0.020771,-0.02338,0.019482,0.0082023,0.038496,-0.024669
0.013359,-0.015968,0.026572,0.072334,0.051386,-0.031759
0.014325,-0.032081,0.016581,0.093281,0.043007,-0.025958
0.0085246,-0.028214,0.02206,0.0049796,0.028183,-0.028536
0.0043351,-0.032404,0.020771,-0.10266,0.0091691,-0.026925
0.0053019,-0.03047,0.0098136,-0.080744,-0.0062998,-0.029181
0.0024015,-0.026925,0.00788,-0.067209,-0.0069443,-0.030792
0.011747,-0.019835,0.019159,-0.1033,-0.0040439,-0.023058
0.011747,-0.021446,0.030117,-0.00049895,-0.017901,-0.022091
0.017548,-0.02628,0.0062687,-0.033693,-0.016612,-0.024669
0.028827,-0.021769,0.012392,-0.023058,0.01078,-0.022091
0.011103,-0.023058,0.015614,-0.057541,0.0017569,-0.026603
0.0043351,-0.02628,0.0088468,-0.07172,0.05622,-0.025314
0.0046573,-0.032404,0.0036905,-0.10008,0.088125,-0.029825
0.0040128,-0.026603,0.020449,-0.023058,0.043974,-0.025958
0.0082023,-0.025314,0.013036,0.062666,0.018193,-0.024025
0.0094914,-0.025314,0.024638,0.089736,0.034951,-0.024347
0.01078,-0.024991,0.017548,0.089092,0.041718,-0.023702
0.010458,-0.024669,0.011103,0.029794,0.025605,-0.031759
0.01207,-0.018224,0.01497,-0.055607,0.025605,-0.025314
0.012714,-0.020157,0.018837,-0.043038,0.033662,-0.025636
0.01078,-0.022413,0.01787,0.02206,0.040107,-0.025314
0.01078,-0.021446,0.017548,-0.042072,0.035273,-0.024669
0.0088468,-0.023702,0.018193,0.0024015,0.023027,-0.026603
0.0043351,-0.029503,0.013359,-0.010489,0.015292,-0.027247
0.0062687,-0.028859,0.011103,-0.014679,0.0094914,-0.02757
0.0085246,-0.024025,0.012714,-0.039493,0.0056242,-0.031437
0.0062687,-0.024991,0.01207,-0.065597,0.0011124,-0.032081
0.0075578,-0.027892,0.015614,-0.037238,0.0053019,-0.028536
0.0085246,-0.026603,0.019482,-0.015968,0.006591,-0.024991
0.012714,-0.021124,0.017548,-0.080422,-0.0072666,-0.027247
0.015614,-0.023058,0.0098136,-0.088801,-0.018546,-0.030148
0.013036,-0.028859,-0.0079111,-0.072365,-0.01339,-0.030148
0.0098136,-0.026925,0.0075578,-0.065597,-0.0030771,-0.030148
0.015292,-0.014679,0.042363,-0.033048,0.029472,-0.025636
0.025283,-0.011456,0.030117,0.019804,0.05622,-0.017579
0.01787,-0.01629,0.018193,0.05622,0.035273,-0.023702
0.0085246,-0.02048,0.018515,0.097148,0.038818,-0.025314
0.01207,-0.020802,0.024638,0.077812,0.062021,-0.02338
0.013359,-0.017579,0.023993,0.0675,0.055576,-0.024669
0.011425,-0.016935,0.021093,0.0027237,0.023349,-0.025958
0.011747,-0.019191,0.015292,-0.09009,0.0033683,-0.026603
0.0082023,-0.022735,0.0075578,-0.094601,0.0053019,-0.029503
0.0059464,-0.021446,0.0033683,-0.027247,0.013681,-0.031114
0.0085246,-0.016612,0.021415,0.077168,0.03914,-0.027892
0.0075578,-0.019835,0.020126,0.083613,0.028827,-0.02628
0.0053019,-0.021769,0.0053019,0.045263,0.017548,-0.026925
0.01078,-0.021446,0.00014558,-0.12973,0.030117,-0.017579
0.011103,-0.016935,0.012392,-0.10105,0.035273,-0.019191
0.006591,-0.023058,0.038496,0.0056242,0.025283,-0.029503
0.01078,-0.027892,0.021093,0.054931,0.045908,-0.029503
0.015614,-0.022735,0.01497,-0.015001,0.045908,-0.02338
0.019482,-0.014034,0.027216,-0.091379,0.037529,-0.019513
0.015937,-0.01629,0.019804,-0.029825,0.020126,-0.022413
0.010458,-0.021124,0.0088468,-0.0092002,0.00788,-0.029503
0.011103,-0.023058,0.01787,-0.032404,0.0024015,-0.028536
0.0094914,-0.024347,0.015292,-0.094601,-0.015001,-0.030148
0.0062687,-0.032726,0.0036905,-0.14101,-0.014034,-0.029503
0.00788,-0.029503,0.011747,-0.072043,0.013036,-0.02757
0.013359,-0.017579,0.017226,0.02206,0.044296,-0.023058
0.012714,-0.020157,0.011103,0.12519,0.038818,-0.025958
0.012392,-0.022413,0.01078,0.024638,0.0040128,-0.023702
0.015292,-0.023702,0.0098136,-0.036915,0.0036905,-0.023058
0.0098136,-0.02338,0.024638,-0.017901,0.028827,-0.024347
0.010458,-0.026603,0.026572,-0.02338,0.030761,-0.021769
0.01078,-0.028536,0.015937,0.013681,0.02496,-0.024025
0.011425,-0.024347,0.024316,-0.0098447,0.028827,-0.024669
0.01078,-0.015001,0.010136,-0.067531,0.0088468,-0.02757
0.0082023,0.0091691,0.0091691,-0.063664,0.019804,-0.030148
0.0075578,0.0033683,0.017226,-0.017579,0.015937,-0.029503
0.0056242,-0.038204,0.014648,0.054609,0.01787,-0.029825
0.0075578,-0.040783,0.018193,0.080713,0.033339,-0.025958
0.0088468,-0.039493,0.014648,0.013681,0.03205,-0.028859
0.006591,-0.040138,0.012714,-0.031437,0.022382,-0.02757
0.0072355,-0.032081,0.020771,-0.044327,0.017548,-0.026925
0.012392,-0.0095225,0.016581,-0.016612,0.021093,-0.024025
0.015292,0.019804,0.020126,-0.037882,0.018837,-0.023058
0.012392,-0.0056553,0.018837,-0.044327,0.013359,-0.026603
0.0075578,-0.029825,0.0024015,-0.083967,-0.001788,-0.03047
0.0088468,-0.025636,-0.0062998,-0.10943,-0.0082334,-0.029825
0.0075578,-0.031114,-0.0030771,-0.050773,0.0049796,-0.027892
0.013681,-0.028214,0.014325,0.037529,0.041074,-0.021124
0.015292,-0.028859,0.023671,-0.0014658,0.053964,-0.018546
0.018193,-0.023058,0.038818,-0.02338,0.044619,-0.018224
0.012714,-0.025314,0.020126,0.011425,0.031728,-0.023058
0.0085246,-0.033048,0.0059464,-0.039171,0.0094914,-0.030148
0.0082023,-0.02757,0.027216,-0.081066,-0.0098447,-0.035304
0.01078,-0.017257,0.0075578,-0.023058,-0.012745,-0.035304
0.0088468,-0.012423,0.0053019,0.041396,0.014325,-0.031437
0.015292,-0.011778,0.023993,0.01787,0.028505,-0.020157
0.015614,-0.010489,0.035273,0.08458,0.070722,-0.015646
0.0053019,-0.019513,0.021738,0.11455,0.10488,-0.020157
0.0020792,-0.031759,-0.00049895,0.050742,0.061054,-0.019835
-0.00082122,-0.050773,0.030439,-0.029181,0.023349,-0.02628
0.0046573,-0.068498,0.033017,-0.0011435,0.034628,-0.024991
0.010136,-0.049162,0.018515,-0.02338,0.034306,-0.027247
0.018515,-0.026925,0.023993,-0.053351,0.017548,-0.022413
0.025283,-0.0027548,0.021093,-0.066242,0.0062687,-0.022413
0.025605,0.011425,0.01787,-0.033048,-0.0069443,-0.02338
0.017548,0.038496,0.014003,-0.031437,-0.0037216,-0.025636
0.016259,0.029472,0.0082023,-0.066886,0.0085246,-0.025314
0.012392,-0.032726,-0.0075889,-0.017579,0.023027,-0.022091
0.0053019,-0.034982,0.019804,-0.0062998,0.029794,-0.027247
0.0033683,-0.023058,0.026894,-0.067209,0.01497,-0.03337
0.0017569,-0.019513,0.013681,-0.057541,0.0043351,-0.032081
0.003046,-0.032081,0.023027,0.013359,0.014003,-0.028859
0.0027237,-0.028859,0.00788,0.014648,0.01787,-0.029503
0.0020792,-0.036271,-0.00082122,-0.017257,0.022704,-0.028536
0.012714,-0.02757,0.018837,-0.018224,0.033017,-0.024991
0.016581,-0.017901,0.028183,-0.056251,0.039785,-0.022091
0.016259,-0.015968,0.015937,-0.034659,0.019159,-0.020802
0.026249,-0.016612,0.020449,-0.051417,-0.014679,-0.021124
0.030117,-0.020802,0.020771,-0.044972,-0.021769,-0.022413
0.01078,-0.025636,0.014003,-0.061085,-0.013712,-0.029503
0.0069132,-0.029825,0.0072355,-0.10266,-0.02048,-0.033693
0.012714,-0.028536,0.0020792,-0.062697,0.019482,-0.035626
0.010136,-0.020157,0.014648,0.061699,0.054609,-0.029503
0.01787,-0.011134,0.025283,0.062666,0.026894,-0.02338
0.013359,-0.015968,0.013681,-0.024347,0.034951,-0.025958
0.0043351,-0.022091,0.0085246,-0.045617,0.07749,-0.022735
0.0020792,-0.025636,0.024638,0.072011,0.04333,-0.021769
0.0011124,-0.029825,0.014325,0.061054,0.03914,-0.027892
-0.00049895,-0.028536,0.0075578,0.045263,0.047197,-0.029181
-0.00049895,-0.035949,0.00788,0.044619,0.026894,-0.032081
0.0043351,-0.030148,0.0094914,0.006591,0.013681,-0.024991
0.014003,-0.018546,0.021738,-0.055929,0.012392,-0.019513
0.013036,-0.017257,0.012714,-0.073976,0.011103,-0.022091
0.020771,-0.02048,0.013359,0.0098136,0.028505,-0.021769
0.012392,-0.026603,0.011103,0.00014558,0.022704,-0.029181
0.0082023,-0.016612,0.014648,-0.053673,0.0027237,-0.028859
0.015937,-0.011134,0.028505,-0.034982,0.0049796,-0.021769
0.0091691,-0.029503,0.014648,-0.093957,-0.014679,-0.029181
0.0053019,-0.03337,0.013681,0.047197,-0.015646,-0.034015
0.0098136,-0.021446,0.012392,-0.04465,0.0056242,-0.02757
0.019159,-0.013712,0.025927,-0.12941,0.044296,-0.010489
0.01787,-0.019835,0.037206,0.11101,0.097148,-0.011778
0.0094914,-0.028536,0.043652,0.10263,0.095859,-0.02628
0.0085246,-0.023702,0.027861,-0.038204,0.038818,-0.03047
0.01078,-0.018868,0.014325,-0.040138,0.0033683,-0.029181
0.00788,-0.021124,0.0088468,-0.050451,0.015614,-0.027892
0.011103,-0.015968,0.018515,-0.041427,0.021093,-0.023058
0.0056242,-0.023058,0.017548,0.026572,0.016904,-0.030792
0.0062687,-0.024025,0.0043351,0.031083,0.016259,-0.028214
0.0056242,-0.022413,0.0091691,-0.076232,0.033662,-0.025958
-0.0021103,-0.025958,0.00046785,-0.15906,0.0075578,-0.031437
0.0033683,-0.025958,-0.0062998,-0.13198,0.0040128,-0.031437
0.012714,-0.019191,-0.0056553,0.016581,0.018837,-0.024991
0.013359,-0.018868,0.032372,0.11036,0.0059464,-0.026603
0.015292,-0.019191,0.045908,-0.010489,-0.0040439,-0.025314
0.018193,-0.017257,0.018515,-0.039171,0.012392,-0.024347
0.01078,-0.018868,0.011747,0.061377,0.023349,-0.028859
0.0043351,-0.018868,0.015292,0.072656,0.032695,-0.031437
0.0094914,-0.015646,0.014648,0.026249,0.026894,-0.028859
0.012392,-0.019835,0.0085246,-0.024991,0.035917,-0.021769
0.015937,-0.014679,0.032372,-0.053029,0.028505,-0.015968
0.01787,-0.016935,0.020771,-0.047228,0.013681,-0.016935
0.016904,-0.023058,0.014648,-0.076554,0.01787,-0.021446
0.015614,-0.02757,0.016259,-0.04465,0.032372,-0.021769
0.014648,-0.040783,0.016581,-0.076554,0.020771,-0.022413
0.013681,-0.044327,0.0085246,-0.025636,0.025927,-0.024669
0.0091691,-0.033693,-0.0037216,-0.016935,0.034628,-0.025314
0.00788,-0.023702,0.01497,-0.015968,0.017548,-0.028536
0.0098136,-0.025636,0.023349,-0.0027548,0.01078,-0.02757
0.00788,-0.02048,0.013036,0.050742,0.0043351,-0.031437
0.011425,0.0088468,0.018193,0.042041,-0.0043662,-0.030792
0.013036,0.0072355,0.013036,-0.014357,-0.025636,-0.033048
0.0075578,-0.034015,0.0098136,-0.019835,-0.0024326,-0.032404
0.011747,-0.038849,0.01787,-0.027892,0.058154,-0.024347
0.01078,-0.035626,0.013681,-0.055285,0.069111,-0.021769
0.0075578,-0.03047,0.010136,-0.038204,0.056865,-0.02338
0.011103,-0.023702,0.011425,-0.027247,0.041074,-0.021769
0.013036,-0.015323,0.013036,-0.016612,0.0075578,-0.025958
0.011103,0.0027237,0.020449,-0.0046884,0.0033683,-0.026925
0.013681,0.018515,0.006591,-0.056251,0.00046785,-0.024025
0.011747,-0.011134,0.0046573,-0.086545,0.014325,-0.025958
0.010458,-0.02628,0.023349,-0.069142,0.016581,-0.026925
0.012714,-0.025636,0.016259,0.044296,0.0098136,-0.025314
0.0091691,-0.030148,0.0024015,0.046552,0.020449,-0.028859
0.01078,-0.027892,0.031083,0.0056242,0.026249,-0.025636
0.01207,-0.024991,0.025283,0.032695,0.016581,-0.024991
0.011425,-0.029181,0.01787,0.0088468,0.025927,-0.025314
0.0059464,-0.033048,0.006591,-0.11362,0.011747,-0.028214
0.0091691,-0.027892,0.010136,-0.11136,0.017548,-0.028214
0.013036,-0.017901,0.035917,-0.036915,0.010136,-0.02757
0.011103,-0.019191,0.031083,0.022382,0.023671,-0.024347
0.00788,-0.023702,0.020771,0.1732,0.085225,-0.021446
0.0085246,-0.024347,0.0075578,0.047519,0.08458,-0.02338
0.0069132,-0.028214,0.019159,-0.031759,0.031083,-0.028214
0.006591,-0.032081,0.013036,-0.020157,0.023349,-0.027247
0.010458,-0.034659,0.0020792,-0.0011435,0.042363,-0.023702
0.013359,-0.03047,0.024638,-0.019513,0.025605,-0.025958
0.016581,-0.025314,0.027538,-0.063019,0.012714,-0.029503
0.017226,-0.023702,0.0017569,-0.083322,0.00788,-0.033693
0.01078,-0.018546,0.019804,-0.031759,0.0091691,-0.029503
0.010458,-0.0095225,0.029794,0.030117,0.01497,-0.028859
0.010136,-0.018546,0.020449,0.035273,0.015614,-0.030148
0.0094914,-0.049806,0.011747,-0.014357,0.013359,-0.02757
0.0053019,-0.049806,0.0036905,-0.035626,-0.00082122,-0.030148
0.0011124,-0.037882,-0.00082122,-0.049484,-0.023058,-0.032726
0.0040128,-0.027892,0.0027237,-0.065275,-0.018546,-0.034015
0.0053019,-0.014679,0.020449,-0.093312,-0.0098447,-0.032081
0.01207,0.016259,0.030761,-0.043683,0.034306,-0.024347
0.017548,0.03914,0.028827,0.064599,0.083613,-0.01339
0.0098136,0.0049796,0.028183,0.11455,0.070078,-0.01339
0.0027237,-0.025958,0.016581,0.062666,0.028183,-0.020157
0.0033683,-0.020157,0.022382,-0.015323,0.010136,-0.020157
0.014648,-0.016612,0.033017,-0.066564,0.024316,-0.014357
0.016259,-0.023702,0.02496,-0.10491,0.010458,-0.019513
0.021415,-0.017257,0.017226,-0.080744,-0.00049895,-0.026603
0.026894,-0.017257,-0.0014658,-0.014357,-0.0024326,-0.032404
0.018193,-0.022091,-0.0085557,-0.044005,0.00079012,-0.03047
0.015937,-0.021769,0.021738,-0.04755,0.035917,-0.029503
0.018837,-0.023702,0.024638,-0.017257,0.065244,-0.02628
0.015937,-0.027247,0.013036,-0.0027548,0.041718,-0.022735
0.015292,-0.026603,0.015614,0.023993,0.033339,-0.021124
0.012392,-0.026925,0.0088468,-0.019513,0.021738,-0.02338
0.0094914,-0.024347,0.016581,-0.042394,0.033017,-0.02048
0.0088468,-0.026603,0.016259,0.014648,0.038818,-0.020157
0.0069132,-0.027892,0.022704,0.093603,0.028183,-0.024025
0.0033683,-0.030792,0.015614,-0.015968,0.016581,-0.030792
0.0040128,-0.02628,0.011103,-0.095246,0.0072355,-0.031114
0.0014347,-0.025636,0.016259,-0.0079111,0.016259,-0.033048
-0.00049895,-0.028536,0.0020792,-0.03756,0.0059464,-0.036593
0.0020792,-0.027892,0.0062687,-0.05464,-0.021446,-0.038527
0.012392,-0.022091,0.028505,0.062343,0.0072355,-0.030148
0.016259,-0.021769,0.019159,-0.043683,0.016259,-0.026925
0.013681,-0.022413,0.0094914,-0.02048,0.0094914,-0.027892
0.006591,-0.025636,0.0075578,0.076523,0.021093,-0.030148
0.0069132,-0.02757,0.015292,-0.025314,0.031406,-0.032404
0.0085246,-0.022413,0.014648,-0.015646,0.040429,-0.02338
0.0088468,-0.021769,0.019159,-0.0014658,0.025283,-0.022091
0.0094914,-0.02048,0.018837,0.0024015,0.023671,-0.022735
0.013036,-0.023058,0.022704,-0.087189,0.027538,-0.02048
0.015292,-0.025958,0.0062687,-0.04046,0.036884,-0.019513
0.015292,-0.018546,0.0053019,-0.036271,0.037851,-0.018868
0.0098136,-0.011456,0.042041,0.0040128,0.014003,-0.025958
0.0098136,-0.0075889,0.014003,-0.041749,0.0091691,-0.024991
0.0098136,-0.0066221,0.0075578,-0.027892,0.035595,-0.019191
0.0072355,-0.0098447,0.022382,-0.070109,0.022382,-0.027247
0.0075578,-0.022091,0.018837,-0.077199,0.0033683,-0.02757
0.0088468,-0.03337,0.01207,-0.064953,0.0059464,-0.026925
0.011747,-0.037238,0.014325,-0.0082334,-0.01339,-0.02757
0.010458,-0.040783,0.020771,0.0062687,-0.017901,-0.025958
0.010458,-0.03047,0.023671,0.064922,0.032695,-0.028859
0.012392,-0.020157,0.016581,0.064599,0.077168,-0.024991
0.013681,-0.022735,0.0049796,-0.019513,0.036884,-0.02338
0.01497,-0.024347,0.013036,-0.029503,0.0091691,-0.028859
0.01207,-0.024991,0.023993,0.0014347,0.025283,-0.031437
0.0088468,-0.024991,-0.0014658,0.011103,0.017548,-0.033693
0.00788,-0.024347,0.0036905,-0.050451,0.042685,-0.031437
0.0085246,-0.021446,0.014648,-0.063341,0.053642,-0.028859
0.013036,-0.017257,0.031083,-0.084289,0.033017,-0.020157
0.013681,-0.017579,0.050097,0.051064,0.044619,-0.016612
0.01497,-0.018546,0.032372,0.029794,0.063633,-0.016935
0.010136,-0.024669,0.016259,-0.0014658,0.023993,-0.022735
0.0094914,-0.027247,0.022382,0.016581,0.014325,-0.022091
0.0072355,-0.025958,0.018515,-0.001788,0.040751,-0.023702
0.0043351,-0.029181,0.013036,0.020126,0.026572,-0.026603
0.0046573,-0.0056553,0.0014347,-0.0033994,0.0046573,-0.031759
0.0049796,0.011425,-0.0011435,-0.021446,-0.005333,-0.034015
0.0094914,-0.024025,0.01078,-0.077521,-0.0072666,-0.031759
0.014003,-0.034015,0.027216,-0.043683,-0.00049895,-0.026925
0.0098136,-0.035304,0.015614,0.062666,-0.011134,-0.033693
0.016581,-0.029825,0.0085246,-0.038204,0.0046573,-0.026925
0.015614,-0.020157,0.0059464,-0.10814,0.034951,-0.017579
0.013681,-0.01629,0.0036905,-0.060441,0.027861,-0.019835
0.014003,0.0046573,0.010136,-0.038204,-0.010489,-0.026603
0.0075578,0.011747,0.020449,-0.073976,-0.00017668,-0.029503
0.0085246,-0.020802,0.033339,0.052675,0.031406,-0.026603
0.0069132,-0.029181,0.012392,0.064922,0.021093,-0.028214
0.0062687,-0.028859,0.0040128,-0.048517,0.0049796,-0.031437
0.013036,-0.025958,0.014003,-0.13746,0.020126,-0.023702
0.012392,-0.02048,0.012392,-0.1626,0.013681,-0.023058
0.019159,-0.016935,0.04623,0.03205,0.011103,-0.022413
0.027861,-0.016935,0.022382,0.15097,0.050419,-0.017257
0.020449,-0.028214,-0.0050107,0.12293,0.069433,-0.019191
0.012714,-0.028536,0.00014558,0.0017569,0.057832,-0.024669
0.0085246,-0.021446,0.03914,-0.010812,0.028183,-0.031437
0.0069132,-0.018546,0.033984,-0.041105,0.022704,-0.027892
0.010458,-0.025636,0.01207,-0.081066,0.025927,-0.02628
0.010136,-0.027247,0.014648,-0.033693,0.028505,-0.025636
0.0072355,-0.030148,0.011103,0.036884,0.02206,-0.026603
0.0059464,-0.028536,0.0082023,0.0053019,0.0043351,-0.029181
0.006591,-0.024991,0.006591,0.0046573,-0.010489,-0.028859
0.0059464,-0.026603,0.027861,-0.031114,-0.024347,-0.03337
0.0094914,-0.029503,0.019159,-0.043038,-0.0072666,-0.030792
0.013681,-0.027247,0.018837,-0.048839,0.020126,-0.026925
0.01078,-0.028214,0.019482,-0.094924,0.021093,-0.027892
0.01207,-0.029181,0.020771,0.065566,0.035595,-0.022413
0.014648,-0.031437,0.013681,0.044619,0.034306,-0.021769
0.0072355,-0.031759,-0.0033994,-0.048195,0.042363,-0.023058
0.0088468,-0.020157,0.0046573,0.088769,0.087158,-0.022735
0.0082023,-0.021769,0.014325,0.072334,0.069756,-0.024025
0.0059464,-0.02338,0.031728,-0.020157,0.020771,-0.029503
0.0085246,-0.019835,0.014003,-0.045617,0.020126,-0.02757
0.011425,-0.015968,0.019159,-0.13746,0.03624,-0.019835
0.011103,-0.011778,0.022382,-0.16389,0.027538,-0.017579
0.00788,-0.015001,0.017548,-0.059152,0.00014558,-0.023702
0.01207,-0.020802,0.014325,0.013359,-0.0072666,-0.029181
0.017548,-0.017579,0.011747,-0.073332,-0.018868,-0.029825
0.013036,-0.019835,0.018193,-0.080099,-0.011778,-0.031114
0.014003,-0.022735,0.017548,-0.036915,0.013681,-0.03047
0.010136,-0.021769,0.011103,0.035917,0.030439,-0.029825
0.0098136,-0.016612,0.019482,0.091992,0.054287,-0.025636
0.0069132,-0.02048,0.019482,0.092637,0.058476,-0.026603
0.0049796,-0.02757,0.00788,-0.036271,0.027538,-0.028536
0.0094914,-0.026925,0.016904,-0.0092002,0.025927,-0.029825
0.0094914,-0.028214,0.0033683,-0.011456,0.018837,-0.03047
0.0082023,-0.027247,0.0059464,-0.071076,0.013036,-0.029503
0.0098136,-0.015646,0.023671,-0.042716,0.0011124,-0.028214
0.010458,-0.0043662,0.010136,-0.0037216,-0.0021103,-0.023702
0.006591,-0.021769,0.0069132,-0.0095225,0.0011124,-0.024347
0.0085246,-0.030792,0.0094914,-0.09589,-0.0011435,-0.024991
0.011103,-0.028859,-0.0072666,-0.066564,0.01078,-0.028536
0.00788,-0.022091,0.035595,0.0043351,0.022382,-0.028859
0.01497,-0.017257,0.060732,0.024316,0.042685,-0.019835
0.020771,-0.011778,0.042363,0.027216,0.054287,-0.014679
0.013036,-0.01629,0.0033683,-0.057218,0.019482,-0.024025
0.011103,-0.024347,0.00788,-0.06173,0.01078,-0.023702
0.0062687,-0.023702,0.015937,-0.06173,0.027216,-0.024347
0.0072355,-0.02757,0.011425,0.053964,0.028183,-0.026603
0.01497,-0.024991,0.0098136,0.097793,0.026572,-0.024991
0.018515,-0.015968,0.019159,0.1152,0.047519,-0.019191
0.014003,-0.019191,0.016581,0.020771,0.033984,-0.019835
0.013359,-0.018868,0.022704,-0.028214,0.027861,-0.023058
0.013681,-0.021124,0.020771,-0.042072,0.037206,-0.021446
0.0069132,-0.026925,0.00788,-0.030792,0.017548,-0.02628
0.0088468,-0.022735,0.0036905,-0.039493,0.010458,-0.030792
0.012714,-0.015323,0.011425,-0.041427,0.010136,-0.03047
0.015937,-0.012101,0.023671,-0.0033994,0.01078,-0.026603
0.010458,-0.022735,-0.0092002,-0.037882,0.020449,-0.027247
0.003046,-0.03337,0.0059464,-0.022735,0.021093,-0.036915
0.0053019,-0.035626,0.031728,0.026572,0.010136,-0.038204
0.0049796,-0.038849,0.015292,0.011747,0.0020792,-0.037238
0.0085246,-0.035626,0.01497,-0.049806,0.01078,-0.031114
0.016904,-0.021124,0.012392,-0.15454,0.011747,-0.018546
0.018193,-0.01339,0.030761,-0.093312,0.027216,-0.014679
0.019482,-0.015646,0.042685,-0.022413,0.041074,-0.013067
0.016904,-0.035304,0.021738,-0.099758,-0.0098447,-0.01629
0.0085246,-0.041427,0.01078,-0.056251,-0.02048,-0.026925
0.0094914,-0.034337,0.0040128,0.027861,0.018837,-0.025314
0.01078,-0.024025,0.014648,0.060088,0.026572,-0.028859
0.0094914,-0.0079111,0.020449,0.089414,0.018837,-0.028536
0.011425,0.019482,0.025927,0.11713,0.029472,-0.02628
0.01078,0.040751,0.018515,0.012714,0.029794,-0.028214
0.0094914,-0.0021103,0.016904,-0.07881,0.027216,-0.022735
-0.0011435,-0.041105,0.0056242,-0.12199,0.034306,-0.02757
0.0011124,-0.026603,0.0072355,-0.05174,0.084258,-0.024991
0.010136,-0.026603,0.011425,0.048164,0.069111,-0.021124
0.011103,-0.029503,0.021415,0.097793,0.034306,-0.025636
0.018193,-0.032404,0.02915,-0.0069443,0.031083,-0.024025
0.016581,-0.029503,0.0094914,-0.080099,0.00079012,-0.030148
0.024316,-0.024025,0.014325,-0.024991,0.0059464,-0.030792
0.021415,-0.046906,0.0069132,-0.010812,0.003046,-0.029181
0.0085246,-0.056251,0.00788,-0.047228,0.033339,-0.028536
0.0085246,-0.029503,0.016259,-0.057218,0.041718,-0.032081
0.0053019,0.00788,0.023349,-0.031114,0.010458,-0.032081
0.0024015,0.0043351,0.021738,0.014003,0.026894,-0.031759
0.003046,-0.021769,0.01078,-0.13682,0.0027237,-0.031114
0.0056242,0.0082023,0.0033683,-0.15132,-0.016612,-0.032081
0.0062687,-0.0011435,0.012714,0.02206,-0.010489,-0.031437
0.00788,-0.03047,0.024316,0.1023,0.0033683,-0.025636
0.01207,-0.026925,0.023671,0.11262,0.036884,-0.018546
0.016904,-0.021769,0.022382,0.051709,0.084258,-0.014679
0.013036,-0.022735,0.015292,-0.0046884,0.061377,-0.018546
0.0091691,-0.027247,0.012714,-0.03337,0.022382,-0.023702
0.0094914,-0.029503,0.014325,-0.034982,0.031728,-0.024025
0.0046573,-0.034015,0.010458,-0.045617,0.027538,-0.025314
0.0069132,-0.032081,0.01078,-0.029181,0.019159,-0.02338
0.0062687,-0.031437,0.011103,-0.019835,0.0040128,-0.024669
0.0088468,-0.032081,0.015614,-0.0095225,-0.014034,-0.027247
0.017226,-0.028214,0.021093,-0.00049895,-0.019835,-0.028859
0.015937,-0.020157,0.019482,-0.024347,0.0049796,-0.026925
0.01078,-0.017901,0.01787,-0.067853,0.039462,-0.025636
0.011425,-0.02338,-0.0050107,-0.068498,0.053964,-0.024025
0.0098136,-0.023058,0.01207,-0.020802,0.035917,-0.021446
0.011747,-0.020802,0.035273,-0.04046,0.018515,-0.020802
0.025283,-0.015323,0.027538,0.02915,0.035595,-0.01339
0.025283,-0.015646,0.033662,0.070722,0.033662,-0.016935
0.014325,-0.021124,0.024316,-0.047872,0.003046,-0.029181
0.01078,-0.025314,0.018193,-0.024991,0.0036905,-0.028859
0.010458,-0.02757,0.016581,0.0098136,0.013359,-0.032726
0.011103,-0.024669,0.015292,-0.061085,0.012714,-0.031114
0.0094914,-0.024669,0.012392,-0.077843,0.015292,-0.028214
0.0049796,-0.025958,0.013681,-0.024991,0.017226,-0.031114
0.0069132,-0.02628,0.01787,0.00788,0.021093,-0.028214
0.011103,-0.025314,0.018193,0.038818,0.025927,-0.028859
0.0075578,-0.02757,0.0072355,0.0059464,0.016581,-0.031759
0.0072355,-0.025636,0.0082023,-0.044005,0.0085246,-0.033048
0.0075578,-0.018868,0.02206,-0.073976,0.016904,-0.029503
0.0059464,-0.018546,0.027216,-0.0066221,0.022382,-0.029825
0.0049796,-0.024669,0.00788,0.041718,0.016581,-0.032081
0.0069132,-0.024347,0.0094914,0.012714,0.01207,-0.029825
0.0085246,-0.020802,0.0069132,-0.020157,0.00014558,-0.027892
0.011747,-0.020157,0.011425,-0.06463,0.013036,-0.022091
0.012714,-0.022735,0.0059464,-0.065919,0.019159,-0.021769
0.01078,-0.024347,0.013036,-0.06463,0.022382,-0.020802
0.012392,-0.022091,0.021738,-0.025314,0.018837,-0.02628
0.014325,-0.017257,0.032695,0.016904,0.034951,-0.025314
0.012392,-0.019513,0.02206,0.023993,0.040107,-0.021446
0.014003,-0.019835,0.018837,0.073945,0.076201,-0.018546
0.010136,-0.018546,0.015937,0.026249,0.082969,-0.021446
0.011425,-0.010812,0.010136,-0.094279,0.034951,-0.02628
0.011747,-0.015323,0.028183,-0.069142,0.019482,-0.025314
0.01207,-0.019513,0.0059464,0.0059464,0.0072355,-0.02338
0.0098136,-0.022735,-0.028859,0.087158,0.0024015,-0.023058
0.0085246,-0.024025,0.012714,-0.024669,-0.0046884,-0.029825
0.0056242,-0.024025,0.052353,-0.014357,0.0027237,-0.034659
0.0036905,-0.024347,0.013036,-0.0014658,0.021093,-0.034659
0.0053019,-0.019191,0.012392,-0.063341,0.060732,-0.031437
0.01207,-0.015968,0.037851,-0.055929,0.076201,-0.024347
0.01207,-0.014679,0.025605,-0.0043662,0.027861,-0.019513
0.014648,-0.015323,0.027216,-0.064953,0.011747,-0.01629
0.015937,-0.024025,0.021093,-0.048195,0.014648,-0.021446
0.013359,-0.031759,0.013036,0.034628,0.029794,-0.022091
0.012714,-0.033693,0.0098136,0.047197,0.028505,-0.023058
0.012392,-0.030792,0.0075578,-0.032404,0.0088468,-0.028214
0.016581,-0.024347,0.012714,-0.026603,0.0098136,-0.024991
0.013681,-0.023058,0.010458,-0.050451,0.0098136,-0.026603
0.0091691,-0.024025,0.019159,-0.039493,0.019159,-0.028536
0.01207,-0.021124,0.023027,0.031728,0.027538,-0.028536
0.011747,-0.019191,0.011425,0.050742,0.0088468,-0.031114
0.012392,-0.02048,0.0033683,-0.028214,0.00079012,-0.028214
0.0094914,-0.024669,0.0069132,-0.047872,-0.015968,-0.031114
0.011747,-0.023058,0.016904,0.0056242,-0.01339,-0.02757
0.0094914,-0.024347,0.011747,-0.005333,0.025927,-0.02338
0.006591,-0.019835,0.0062687,0.018193,0.043652,-0.024347
0.0069132,-0.015323,0.0040128,-0.112,0.01787,-0.029503
0.014325,-0.0079111,0.03205,-0.067853,0.024638,-0.023702
0.012392,-0.0059775,0.041074,-0.0014658,0.025605,-0.020802
0.012714,-0.019835,-0.001788,-0.076554,0.020771,-0.024347
0.014648,-0.031759,0.013359,0.011747,0.026249,-0.022413
0.014648,-0.035304,0.029472,0.017226,0.015937,-0.025314
0.011103,-0.038204,0.032695,-0.0014658,0.015937,-0.029181
0.011425,-0.032404,0.0085246,-0.038849,0.02496,-0.02628
0.010136,-0.012745,0.0046573,-0.060119,0.021415,-0.027892
0.0069132,-0.016935,0.010458,-0.052384,0.011747,-0.02757
0.00788,-0.02628,0.016259,-0.023702,-0.0066221,-0.028214
0.0049796,-0.02338,0.021093,0.045585,0.0049796,-0.029825
0.0082023,-0.022091,0.013681,0.040751,0.046552,-0.02757
0.006591,-0.027247,0.021738,0.031728,0.065566,-0.027247
0.0069132,-0.025314,0.026572,0.047197,0.042041,-0.029825
0.0075578,-0.023058,-0.001788,0.0011124,0.011747,-0.027892
0.0046573,-0.025636,0.011425,-0.099113,0.018515,-0.025314
0.014648,-0.018546,0.031083,-0.10556,0.047841,-0.020157
0.015614,-0.0082334,0.026572,0.035917,0.044296,-0.021446
0.016904,-0.012745,0.01207,-0.067209,0.014003,-0.025636
0.01497,-0.022735,0.012392,-0.096857,0.0062687,-0.025958
0.0088468,-0.023702,0.0091691,0.0036905,-0.0024326,-0.03047
0.012714,-0.022413,0.0053019,-0.047228,0.0069132,-0.028536
0.013681,-0.020157,0.0085246,0.015937,0.028183,-0.024991
0.011103,-0.020802,0.033984,0.08458,0.050097,-0.026603
0.014648,-0.01629,0.02496,0.068144,0.051709,-0.021124
0.016904,-0.018868,0.014325,-0.034015,0.037529,-0.021446
0.014325,-0.02338,0.016904,-0.052384,0.023349,-0.025314
0.0094914,-0.025636,0.0017569,-0.036915,-0.0062998,-0.033048
0.0098136,-0.024347,0.011747,0.0046573,-0.0062998,-0.031759
0.0085246,-0.019191,0.023349,0.040751,0.02206,-0.028536
0.0059464,-0.021124,0.019159,-0.031759,0.027538,-0.027892
0.0059464,-0.022091,0.013681,-0.0082334,0.032695,-0.022091
0.0082023,-0.019191,0.017226,-0.1336,0.029472,-0.019191
0.0082023,-0.018546,0.018193,-0.14133,0.010136,-0.024991
0.0082023,-0.015968,0.020449,0.037206,0.032372,-0.023702
0.0098136,-0.01629,0.021093,0.10972,0.028183,-0.025636
0.0085246,-0.022413,0.021415,-0.037882,-0.00049895,-0.028214
0.011103,-0.028536,0.016581,0.022704,0.01787,-0.027247
0.010136,-0.02757,0.01787,0.051064,0.029472,-0.025958
0.011747,-0.031437,0.0059464,-0.014034,0.011103,-0.024347
0.01207,-0.031114,0.0094914,-0.030148,-0.0062998,-0.022091
0.01207,-0.026603,0.015614,-0.021446,-0.011456,-0.027892
0.0062687,-0.024025,0.010458,-0.0033994,0.020126,-0.027247
0.0069132,-0.022413,0.014003,-0.0095225,0.0704,-0.024025
0.013036,-0.020157,0.012714,-0.072687,0.0704,-0.021124
0.014003,-0.021124,0.014648,-0.054318,0.019482,-0.018224
0.011425,-0.033693,0.015292,-0.0072666,-0.001788,-0.024991
0.0049796,-0.039493,0.0094914,-0.048517,0.0017569,-0.033693
0.0091691,-0.035626,0.021093,-0.061085,0.010136,-0.031759
0.0072355,-0.032081,0.018837,-0.050451,0.023671,-0.029825
0.0072355,-0.029503,0.014325,-0.059796,0.034951,-0.031759
0.0075578,-0.023702,0.01787,-0.021124,0.034951,-0.033048
0.0098136,-0.0011435,0.014325,0.00014558,0.012392,-0.033048
0.011103,0.0069132,0.02206,0.10682,0.02496,-0.029181
0.013359,0.0027237,0.027216,0.058798,0.043007,-0.022413
0.016259,0.020449,0.016581,-0.073009,0.025283,-0.023702
0.014648,-0.0079111,0.014648,-0.044972,0.01787,-0.022091
0.015614,-0.025958,0.0091691,-0.12071,0.011747,-0.023058
0.013036,-0.022413,-0.00049895,-0.098469,-0.0024326,-0.025636
0.014325,-0.02338,0.0072355,0.028505,0.033984,-0.021124
0.016259,-0.023702,0.00788,0.049775,0.04623,-0.018868
0.012714,-0.023702,0.038173,0.055576,0.027538,-0.021769
0.013359,-0.025636,0.052353,0.024316,0.015292,-0.025314
0.011103,-0.046583,0.011103,-0.030792,0.00788,-0.02757
0.006591,-0.057218,0.019804,0.0024015,0.020771,-0.025958
0.010458,-0.041749,0.02206,0.032372,0.041074,-0.024025
0.011747,-0.032726,0.023349,-0.0062998,0.034306,-0.024991
0.011103,-0.02048,0.011425,-0.015001,0.02496,-0.025314
0.011425,-0.0021103,0.013681,0.013681,0.028183,-0.026925
0.014648,0.025927,0.013681,-0.031114,0.014003,-0.027892
0.013681,0.015292,0.0075578,-0.057863,0.0056242,-0.02628
0.0098136,-0.034659,0.0082023,-0.089445,0.0049796,-0.028214
0.006591,-0.031437,0.0091691,-0.087511,0.0062687,-0.028536
0.0059464,-0.03047,0.011747,-0.041427,0.013036,-0.025636
0.0072355,-0.026925,0.0094914,-0.012101,0.014003,-0.026925
0.0056242,-0.026925,0.0098136,-0.018224,0.010458,-0.032081
0.0053019,-0.031437,0.0072355,0.028827,0.0075578,-0.028859
0.0075578,-0.032404,0.010458,0.037851,0.013681,-0.031114
0.010136,-0.027892,0.02915,-0.03337,0.020771,-0.031759
0.0091691,-0.02757,0.023027,0.032372,0.036884,-0.025314
0.0082023,-0.02338,0.035917,-0.0069443,0.055576,-0.019191
0.012714,-0.025314,0.024316,-0.081388,0.051064,-0.019191
0.014003,-0.025958,0.019482,0.092314,0.051709,-0.020157
0.015614,-0.022413,0.023349,0.066211,0.043974,-0.022413
0.01207,-0.019191,0.013681,-0.056574,0.018837,-0.025636
0.011425,-0.021124,0.0094914,-0.073332,-0.00082122,-0.025958
0.013681,-0.028214,0.0053019,-0.083322,-0.00082122,-0.031114
0.0098136,-0.033693,0.0085246,-0.089445,0.0053019,-0.029825
0.0075578,-0.034337,0.013036,-0.018224,0.020449,-0.024669
0.012392,-0.023702,0.020771,0.11294,0.033339,-0.021124
0.014003,-0.018224,0.01787,0.085547,0.023993,-0.024347
0.013359,-0.018546,0.011425,0.0024015,0.0082023,-0.028536
0.011103,-0.023058,0.0091691,-0.064953,0.019159,-0.024991
0.013359,-0.022413,0.0040128,-0.16808,0.026894,-0.024669
0.0085246,-0.01629,0.003046,-0.10169,0.014003,-0.028859
0.010136,-0.012101,0.039462,-0.034337,0.018193,-0.026603
0.013681,-0.011456,0.041074,0.078457,0.032695,-0.02338
0.013359,-0.015646,0.022704,0.024316,0.022382,-0.022091
0.0075578,-0.023058,0.020449,-0.026603,0.023027,-0.027892
0.0098136,-0.025314,0.011103,-0.033048,0.028827,-0.026603
0.013359,-0.027247,0.011747,-0.024669,0.020771,-0.025636
0.011747,-0.02757,0.013036,-0.0075889,0.0085246,-0.028214
0.0069132,-0.029181,0.010458,-0.0040439,0.0082023,-0.030792
0.0072355,-0.028859,0.003046,-0.017257,0.0094914,-0.029825
0.0088468,-0.02628,0.0062687,-0.012745,0.013359,-0.02628
0.01078,-0.024991,0.01207,-0.030792,0.018837,-0.024669
0.01078,-0.024025,0.025283,-0.093312,0.026894,-0.025958
0.0094914,-0.029825,0.018837,-0.042394,0.031728,-0.023058
0.014325,-0.018868,0.014648,0.057187,0.026249,-0.020802
0.018515,0.0043351,0.018515,0.030761,0.011425,-0.025314
0.017548,-0.005333,0.024638,0.023671,0.015292,-0.025958
0.01787,-0.010167,0.0036905,0.014003,0.025605,-0.02338
0.01078,-0.011134,0.0036905,-0.057863,0.031083,-0.021769
0.0014347,-0.021769,0.027216,-0.07591,0.045585,-0.024347
-0.0046884,-0.022735,-0.014679,-0.036271,0.039462,-0.030148
-0.0011435,-0.022413,-0.00049895,-0.02338,0.013036,-0.029825
0.0046573,-0.018546,0.061699,-0.077521,0.021093,-0.026603
0.015292,-0.018868,0.036562,0.018515,0.02915,-0.025314
0.012392,-0.023702,0.0082023,0.0046573,0.0053019,-0.027892
0.0059464,-0.024991,0.0098136,-0.0066221,-0.020802,-0.029503
0.0062687,-0.02628,0.0024015,-0.033693,-0.038527,-0.031437
0.010136,-0.026925,0.021093,-0.11329,-0.030792,-0.028536
0.01497,-0.028859,0.018193,0.02206,0.0024015,-0.02757
0.018193,-0.022735,0.029472,0.1355,0.091025,-0.022091
0.01497,-0.02048,0.031406,0.047197,0.12841,-0.020802
0.012392,-0.024347,0.026894,0.027216,0.078135,-0.024025
0.017226,-0.019191,0.029794,-0.029181,0.061054,-0.017257
0.017226,-0.021124,0.015614,-0.057863,0.035917,-0.019835
0.014325,-0.021446,0.014325,0.013681,0.033339,-0.022735
0.011103,-0.024025,0.010458,-0.029825,0.020771,-0.026925
0.0091691,-0.021769,0.0098136,-0.017257,0.014325,-0.031759
0.0082023,-0.016612,0.011425,-0.037882,0.0014347,-0.031114
0.0059464,-0.023702,0.011103,-0.034659,-0.011134,-0.030792
0.0062687,-0.03337,0.016259,-0.032081,-0.0011435,-0.031437
0.006591,-0.037882,0.00788,-0.02048,0.012714,-0.028536
0.0094914,-0.037238,-0.0069443,-0.02628,0.026249,-0.02628
0.011103,-0.030148,0.010136,-0.041427,0.021093,-0.025314
0.0098136,-0.032726,0.0098136,-0.07172,0.010136,-0.024991
0.013359,-0.022091,0.017548,-0.010489,0.023671,-0.022413
0.01497,0.0046573,0.022382,0.037529,0.027216,-0.024025
0.01078,0.0085246,0.0072355,0.0027237,0.021093,-0.030148
0.0091691,-0.021769,0.0088468,-0.040783,0.0091691,-0.032726
0.0098136,-0.024991,0.011103,-0.085578,-0.0079111,-0.032404
0.01207,-0.019191,0.018193,-0.085578,0.003046,-0.022735
0.014325,-0.015323,0.031083,0.00079012,0.023027,-0.01629
0.013681,-0.019835,0.026894,-0.034659,0.017226,-0.020157
0.014325,-0.017257,0.024638,0.055898,0.019482,-0.02048
0.012714,-0.020157,0.021093,0.031728,0.024316,-0.025314
0.00788,-0.024347,0.013359,-0.042716,-0.0011435,-0.030792
0.0062687,-0.025958,0.0062687,-0.052706,-0.01629,-0.031759
0.0085246,-0.025958,0.0085246,-0.010489,0.0072355,-0.028859
0.012392,-0.021769,0.011747,0.043974,0.035917,-0.020802
0.01078,-0.021124,0.018837,0.046875,0.065888,-0.019835
0.0085246,-0.023058,0.018515,-0.026925,0.056543,-0.026925
0.012392,-0.021769,0.022704,-0.016935,0.046875,-0.026603
0.011425,-0.024991,0.025605,0.025283,0.047519,-0.027892
0.0049796,-0.03337,0.012714,0.049453,0.038173,-0.027892
0.0069132,-0.031759,0.0094914,-0.029503,0.02496,-0.027247
0.0085246,-0.029503,0.013036,-0.059152,0.012392,-0.025636
0.0069132,-0.031437,0.014648,-0.0011435,0.0020792,-0.028859
0.01078,-0.033693,0.010136,-0.051417,-0.0011435,-0.030148
0.010458,-0.025636,0.0027237,-0.13424,0.0017569,-0.032081
0.013681,0.01078,0.022382,-0.044005,0.051064,-0.026603
0.016259,0.015937,0.048164,0.16515,0.072656,-0.016935
0.011425,-0.018224,0.027861,0.017548,0.02206,-0.020157
0.0072355,-0.023058,0.012714,-0.068175,-0.0014658,-0.026603
0.011747,-0.023702,0.016904,-0.046906,0.012714,-0.02338
0.018193,-0.024991,0.014003,-0.043038,0.020771,-0.022091
0.0098136,-0.022413,0.015292,-0.071076,0.0033683,-0.02628
0.0043351,-0.023702,0.014648,-0.065275,0.00046785,-0.02628
0.0056242,-0.024347,0.0085246,-0.042716,0.014648,-0.028214
0.00788,-0.025958,0.010458,0.0085246,0.025283,-0.029181
0.013036,-0.031114,0.014648,0.083613,0.027216,-0.029825
0.010136,-0.033048,0.01207,0.015937,0.025283,-0.03047
0.01078,-0.028859,0.0014347,-0.10201,0.01787,-0.026925
0.01078,-0.019191,0.0033683,-0.09299,0.013359,-0.02757
0.006591,-0.019835,0.025283,0.074267,0.023027,-0.028859
0.006591,-0.02338,0.027861,0.052353,0.049453,-0.02628
0.011425,-0.024669,0.0027237,-0.021769,0.038496,-0.025958
0.0088468,-0.027247,0.0072355,0.0098136,0.028505,-0.027247
0.0069132,-0.026925,0.022382,-0.053029,0.018515,-0.030148
0.0094914,-0.024025,0.019804,-0.10008,-0.0027548,-0.028859
0.01078,-0.02048,0.041718,0.03914,0.0056242,-0.02628
0.014648,-0.019513,0.019482,0.13453,0.013359,-0.024991
0.016904,-0.014034,0.013681,-0.075588,0.024316,-0.020157
0.014003,-0.0092002,0.021415,-0.070754,0.019804,-0.020802
0.011425,-0.0085557,0.021415,-0.094601,-0.0030771,-0.024991
0.012392,-0.011778,0.02915,-0.0062998,0.013036,-0.025636
0.014325,-0.015968,0.024316,0.0085246,0.035273,-0.023058
0.013681,-0.023702,0.013359,-0.023058,0.048486,-0.024991
0.010458,-0.030792,0.0091691,-0.0066221,0.054609,-0.02757
0.010136,-0.037238,0.01497,-0.029503,0.014325,-0.028536
0.013036,-0.036271,0.012714,-0.043038,0.016259,-0.02757
0.013359,-0.03337,0.011103,-0.06463,0.020126,-0.027892
0.011103,-0.030148,0.016581,-0.017901,0.020126,-0.025958
0.0091691,-0.023702,0.01497,0.045908,0.025283,-0.025958
0.011425,-0.024025,0.0062687,0.0017569,0.023993,-0.025314
0.010458,-0.021769,0.0040128,-0.043038,0.016581,-0.027247
0.012714,-0.02048,0.010136,-0.029181,0.019804,-0.02757
0.012714,-0.02048,0.021415,-0.0024326,0.031406,-0.022091
0.01207,-0.018224,0.025605,0.013359,0.02206,-0.020157
0.01078,-0.020157,0.023027,-0.010489,0.0043351,-0.025958
0.0085246,-0.033693,0.0091691,-0.10072,0.0033683,-0.02628
0.0059464,-0.053029,-0.0030771,-0.15712,-0.0062998,-0.031114
0.0036905,-0.04465,-0.0085557,-0.05464,0.0027237,-0.034337
0.0059464,-0.029181,0.0091691,0.18481,0.022704,-0.028536
0.0088468,-0.0095225,0.019804,0.043652,0.018193,-0.027247
0.016259,0.014003,0.042363,-0.0092002,0.032372,-0.02048
0.021738,0.045908,0.04913,0.028183,0.055576,-0.010812
0.01497,0.038496,0.012714,-0.032726,0.028827,-0.019191
0.01078,-0.022413,0.01787,-0.014034,0.035595,-0.025314
0.011103,-0.025636,0.0046573,-0.037882,0.04913,-0.024669
0.010136,-0.024025,0.018837,0.028827,0.038818,-0.02628
0.0062687,-0.030792,0.010458,0.0075578,0.026572,-0.029503
0.0062687,-0.033048,0.019482,-0.022413,0.025283,-0.027892
0.0069132,-0.038527,0.015937,-0.010489,0.02496,-0.025314
0.0075578,-0.04046,0.011425,-0.025314,0.01787,-0.028859
0.01078,-0.035304,0.011747,-0.02757,0.012392,-0.03047
0.010458,-0.022091,0.0082023,-0.021124,0.01497,-0.027892
0.01078,-0.012745,0.016259,-0.013712,0.016581,-0.031437
0.0072355,-0.03337,0.011747,-0.068175,0.0024015,-0.037882
0.0027237,-0.039171,0.0094914,-0.096213,-0.017257,-0.040138
0.0072355,-0.032404,0.018837,-0.0082334,-0.014357,-0.034015
0.014648,-0.019513,0.017226,0.038818,0.018193,-0.021769
0.018193,-0.016935,0.018193,-0.040138,0.045908,-0.015646
0.018837,-0.017257,0.030761,-0.019191,0.042363,-0.015323
0.015614,-0.017257,0.023671,0.022704,0.035273,-0.023058
0.014003,-0.01339,0.023993,0.02206,0.030439,-0.022413
0.011425,-0.022735,0.020126,0.021415,0.022704,-0.025636
0.0091691,-0.024669,0.023027,0.014648,0.029472,-0.02628
0.010458,-0.023702,0.021415,-0.039171,0.033662,-0.022413
0.011747,-0.019835,0.015614,-0.048195,0.029794,-0.022735
0.0075578,-0.02338,0.01078,-0.075265,0.0046573,-0.022735
0.0072355,-0.024025,0.0094914,-0.068498,0.025283,-0.024347
0.00788,-0.025958,0.013036,-0.044972,0.041396,-0.024669
0.011747,-0.032726,0.01207,-0.023058,-0.0021103,-0.024347
0.012714,-0.036915,0.01787,-0.022735,0.0040128,-0.025314
0.0094914,-0.032404,0.014648,0.043652,0.010458,-0.023702
0.01078,-0.031114,0.0059464,0.043974,0.031728,-0.02757
0.0091691,-0.027892,0.0075578,-0.02048,0.037851,-0.032081
0.011425,-0.019513,0.015937,-0.072043,0.039785,-0.026603
0.014325,-0.0046884,0.025927,-0.033693,0.035595,-0.024025
0.013359,0.018515,0.027538,0.030439,0.022704,-0.026925
0.0085246,-0.0014658,0.021415,-0.024025,0.021093,-0.029503
0.0062687,-0.027247,0.010458,-0.062052,0.011425,-0.029825
0.0085246,-0.024347,0.00788,-0.080099,0.011747,-0.026925
0.01078,-0.025958,0.0062687,-0.033048,0.011425,-0.02628
0.010458,-0.025636,0.0053019,0.06041,0.0036905,-0.026925
0.0062687,-0.024347,0.011103,0.039462,0.0085246,-0.028214
0.0069132,-0.022413,0.026249,0.0046573,0.026249,-0.024025
0.01078,-0.022735,0.017226,-0.067531,0.023349,-0.026603
0.013359,-0.022735,0.013036,-0.050451,0.016581,-0.026925
0.017226,-0.017901,0.011425,0.055898,0.031728,-0.023058
0.017548,-0.017901,0.025605,-0.024347,0.025927,-0.022735
0.011103,-0.016935,0.043007,-0.020157,0.030439,-0.025314
0.010136,-0.017901,0.023027,0.047841,0.039785,-0.026603
0.0098136,-0.026603,0.014325,-0.0056553,0.027216,-0.027892
0.0091691,-0.031759,0.011747,-0.046261,0.0043351,-0.02757
0.010136,-0.033048,0.013036,-0.044327,0.0011124,-0.024669
0.010458,-0.03047,0.0094914,-0.028536,0.0088468,-0.025958
0.01207,-0.023058,0.013681,-0.010812,0.012392,-0.024025
0.013359,-0.023058,0.012714,0.013036,0.033339,-0.024991
0.014003,-0.021124,0.01497,-0.037238,0.075556,-0.021769
0.01207,-0.019513,0.018837,0.045908,0.05332,-0.023702
0.0075578,-0.021769,0.0082023,0.014648,0.017548,-0.028536
0.0040128,-0.022413,0.0091691,-0.055929,0.027216,-0.029825
0.0056242,-0.020802,0.018515,-0.067531,0.013359,-0.025314
0.01207,-0.022735,0.014648,-0.049162,-0.0043662,-0.026603
0.013681,-0.016612,0.0036905,-0.0037216,0.0014347,-0.021446
0.0072355,-0.024669,0.0085246,0.023993,0.013681,-0.025636
0.0059464,-0.024991,0.034951,-0.10975,0.011103,-0.031114
0.0094914,-0.021124,0.01787,-0.15164,-0.010489,-0.028214
0.010136,-0.021769,0.021093,-0.057541,0.0036905,-0.030148
0.0049796,-0.02757,0.013036,0.065888,0.013681,-0.031437
0.0059464,-0.025958,0.011103,0.089414,0.032372,-0.029825
0.01078,-0.022413,0.014648,0.10488,0.053642,-0.024025
0.013681,-0.021124,0.0088468,-0.027892,0.047841,-0.022735
0.014325,-0.019835,0.019159,-0.056251,0.039462,-0.021446
0.015292,-0.015646,0.038818,0.064277,0.059443,-0.014679
0.014325,-0.016612,0.017548,-0.010167,0.043007,-0.022091
0.011747,-0.017901,0.02206,-0.0098447,0.018515,-0.026603
0.011747,-0.015001,0.018837,-0.022091,0.015614,-0.024669
0.011103,-0.013067,0.018837,-0.038204,0.00788,-0.025958
0.011425,-0.021446,0.019804,-0.022413,0.013359,-0.02757
0.010136,-0.034337,0.011425,-0.0072666,0.0098136,-0.03047
0.0062687,-0.039171,0.0082023,-0.010489,0.01497,-0.034015
0.0049796,-0.047872,0.011103,-0.001788,0.027861,-0.032726
0.01078,-0.047228,0.01497,-0.020157,0.016904,-0.029181
0.011103,-0.039493,0.011425,-0.11233,0.014325,-0.028214
0.011103,-0.016612,0.0046573,-0.12554,0.01078,-0.025958
0.012714,0.019482,0.023993,-0.020802,0.013036,-0.020157
0.016581,0.0053019,0.0017569,0.015937,0.014325,-0.019191
0.015614,-0.021769,-0.0030771,-0.035949,0.028505,-0.019513
0.0049796,-0.017257,0.052998,0.011747,0.031406,-0.025636
0.0056242,-0.021769,0.028505,-0.026603,0.030117,-0.02338
0.0062687,-0.024669,0.0091691,-0.047872,0.0046573,-0.028859
0.006591,-0.022735,0.013681,-0.035304,-0.021124,-0.03337
0.012714,-0.019191,0.0082023,0.0033683,-0.014357,-0.028214
0.019804,-0.019513,0.015614,0.021415,0.0049796,-0.02628
0.016904,-0.02048,0.010458,-0.017257,0.035595,-0.027892
0.017226,-0.019191,0.019804,-0.033693,0.07749,-0.018868
0.019482,-0.021124,0.023027,-0.025314,0.066533,-0.022091
0.01497,-0.022091,0.0072355,-0.01339,0.031083,-0.024991
0.012392,-0.025314,0.0091691,-0.022091,0.019482,-0.025958
0.0094914,-0.02338,0.0094914,0.0059464,0.026572,-0.026603
0.0075578,-0.017901,0.033662,0.042685,0.027861,-0.026925
0.01078,-0.019835,0.033662,0.029794,0.024316,-0.026925
0.0082023,-0.024347,0.021738,0.026249,0.026572,-0.025636
0.0085246,-0.022735,0.013359,-0.023058,0.015292,-0.027892
0.0091691,-0.025958,0.0075578,-0.084289,0.0098136,-0.027892
0.012392,-0.024347,0.013681,-0.11652,0.01497,-0.02757
0.011103,-0.022091,0.01497,-0.019513,0.031083,-0.024347
0.0053019,-0.020157,0.0053019,0.076523,0.03205,-0.025958
-0.00082122,-0.024347,0.023993,0.058154,0.019482,-0.029181
0.0062687,-0.023058,0.03205,0.020449,0.022382,-0.025636
0.01078,-0.021446,0.012392,-0.032404,0.016904,-0.023058
0.013681,-0.025636,0.011425,-0.021124,0.0072355,-0.024669
0.015614,-0.025958,0.011747,0.01078,0.0091691,-0.024991
0.014003,-0.026603,0.010458,-0.047872,0.0091691,-0.024347
0.011103,-0.023702,0.0069132,-0.12328,0.0062687,-0.024991
0.010136,-0.022413,0.010136,-0.049806,0.0082023,-0.029503
0.0062687,-0.02338,0.019159,-0.02048,0.0094914,-0.03047
0.0059464,-0.022413,0.018837,-0.034015,0.027861,-0.025314
0.012714,-0.019835,0.023349,-0.0037216,0.05332,-0.021124
