0.016259,-0.026603,0.036562,-0.13456,0.0069132,-0.02628
0.012714,-0.018868,0.035273,-0.090412,0.033662,-0.025314
0.0082023,-0.02628,0.019482,-0.04046,0.03205,-0.024669
0.0094914,-0.016612,0.013036,-0.014357,0.023671,-0.025636
0.014003,0.012392,0.0098136,-0.019835,0.032372,-0.024347
0.0075578,-0.0033994,0.0072355,-0.02338,0.018193,-0.032726
0.0040128,-0.031114,0.016259,-0.010489,0.0075578,-0.034337
0.0075578,-0.02757,0.0098136,0.00788,0.0036905,-0.028859
0.0085246,-0.025314,0.00014558,-0.016612,0.01078,-0.02757
0.01078,-0.023058,-0.0014658,-0.10491,0.0085246,-0.025636
0.010136,-0.024025,0.013036,-0.1394,-0.028214,-0.033693
0.0069132,-0.027892,0.013681,-0.16647,-0.044327,-0.034659
0.00788,-0.030148,0.018837,-0.081711,0.00046785,-0.028536
0.0043351,-0.057218,0.019482,0.1023,0.032695,-0.031437
0.003046,-0.060441,0.015292,0.12647,0.025605,-0.03047
0.012714,-0.033693,0.031083,0.26634,0.074267,-0.018224
0.017548,-0.020157,0.034628,0.073623,0.11004,-0.015968
0.019804,-0.005333,0.027861,0.043974,0.090381,-0.014357
0.017226,0.017226,0.019482,0.0017569,0.041396,-0.018224
0.016259,0.039462,0.027538,-0.092668,0.043007,-0.018546
0.01497,0.036562,0.033017,-0.066564,0.041396,-0.019835
0.0088468,-0.020157,0.014003,-0.039171,0.018515,-0.02628
0.0088468,-0.035949,0.011747,-0.025636,0.0072355,-0.031437
0.0088468,-0.037882,0.0024015,-0.13392,-0.015968,-0.031437
0.0056242,-0.048839,-0.024991,-0.20772,-0.011778,-0.036271
0.0036905,-0.04465,-0.023702,-0.12296,0.010458,-0.033693
-0.00017668,-0.047228,-0.0014658,0.11294,0.025605,-0.032404
0.0056242,-0.037882,0.02206,0.21478,0.02206,-0.029503
0.015937,-0.011778,0.060732,0.23927,0.011747,-0.017257
0.026249,-0.0056553,0.052998,-0.018224,0.032372,-0.0098447
0.018837,-0.012745,0.032695,-0.17227,0.069111,-0.012423
0.013681,-0.018546,0.042041,-0.063664,0.029472,-0.024025
0.013359,-0.021446,0.019159,-0.083967,-0.036915,-0.033693
0.0072355,-0.025636,-0.021769,-0.06882,-0.027892,-0.038204
0.0091691,-0.022091,0.029472,0.035273,0.0049796,-0.033048
0.0049796,-0.021124,0.0085246,0.0082023,0.042363,-0.032081
0.010458,-0.022735,0.013359,-0.028214,0.079424,-0.023058
0.01497,-0.018546,0.014648,0.028505,0.054609,-0.015646
0.01078,-0.02628,0.00788,-0.015001,0.016259,-0.021124
0.011747,-0.033693,0.00014558,-0.11233,-0.0014658,-0.024347
0.0072355,-0.04046,-0.0085557,-0.062052,-0.031437,-0.036915
0.0088468,-0.038849,0.013359,-0.058507,-0.035626,-0.036915
0.011747,-0.029503,0.029794,-0.094601,0.014003,-0.025314
0.013359,-0.021124,0.026894,0.031406,0.060088,-0.019835
0.011103,-0.020157,0.0062687,0.090059,0.075556,-0.019191
0.010458,-0.019513,0.0082023,-0.03756,0.0062687,-0.024991
0.011425,-0.015646,0.022704,-0.032081,-0.0095225,-0.024347
0.0094914,-0.02048,0.019482,-0.017579,0.036562,-0.022735
0.0082023,-0.020157,0.020771,0.0011124,0.066855,-0.024991
0.0094914,-0.018224,0.011103,-0.036593,0.048164,-0.02628
0.0085246,-0.018224,0.0043351,-0.056251,0.018515,-0.027892
0.0059464,-0.021446,0.012714,0.017548,0.020771,-0.028214
0.0049796,-0.027247,0.0098136,0.084258,0.016581,-0.034982
0.003046,-0.031759,-0.00082122,-0.026925,0.010458,-0.037238
0.0043351,-0.029825,0.00079012,-0.19869,-0.001788,-0.032081
0.0069132,-0.030148,-0.0021103,-0.099113,-0.018546,-0.028214
0.0053019,-0.029503,0.013359,0.058476,-0.034982,-0.025636
0.014648,-0.016935,0.045585,-0.07172,-0.025958,-0.024991
0.018515,0.0046573,0.045908,-0.0079111,0.013681,-0.018224
0.016259,0.0033683,0.018837,0.10746,0.019159,-0.024025
0.010458,-0.020157,0.010136,0.065888,0.023993,-0.030792
0.013681,-0.019191,0.019804,0.028183,0.093281,-0.020802
0.0085246,-0.024025,0.021738,0.00788,0.072978,-0.024669
0.0059464,-0.024991,0.038173,0.075234,0.034951,-0.027892
0.01497,-0.019835,0.024316,0.10939,0.063955,-0.026603
0.01497,-0.018224,0.019159,-0.031437,0.059443,-0.028214
0.0091691,-0.024669,0.00788,-0.1771,0.018193,-0.029503
0.0069132,-0.026925,0.0036905,-0.17904,-0.035626,-0.032404
0.0088468,-0.030792,-0.012423,-0.15809,-0.055607,-0.031114
0.0091691,-0.025958,0.012714,0.057832,-0.017579,-0.024991
0.020449,-0.01339,0.044619,0.21735,0.061699,-0.0085557
0.019804,-0.015968,0.027538,-0.097824,0.11423,-0.013712
0.015937,-0.021124,0.01497,-0.00049895,0.090381,-0.020157
0.013036,-0.02338,0.013359,-0.071398,0.02206,-0.025958
0.011103,-0.02628,0.020126,0.0085246,0.01497,-0.029181
0.0098136,-0.025636,0.017548,-0.014357,0.011103,-0.025958
0.006591,-0.024025,0.016581,-0.0027548,-0.022413,-0.03047
-0.0011435,-0.034015,-0.013712,-0.032726,-0.062375,-0.042716
-0.00082122,-0.038527,-0.017257,-0.042394,-0.056896,-0.044972
0.0094914,-0.026925,0.033662,-0.092023,-0.011456,-0.02757
0.015614,-0.021124,0.034628,0.0027237,0.10907,-0.0066221
0.01787,-0.016612,0.024316,0.067177,0.13099,-0.0062998
0.020449,-0.0082334,0.038818,-0.091701,0.025927,-0.0095225
0.015292,-0.011456,0.028183,0.082646,0.053642,-0.021769
0.01207,-0.018868,0.015937,-0.020802,0.021093,-0.025958
0.012392,-0.016935,0.021415,-0.05464,0.0043351,-0.02338
0.0069132,-0.021124,0.022704,-0.017901,0.0017569,-0.041749
0.0082023,-0.023702,0.013681,-0.040783,0.0085246,-0.035949
0.0091691,-0.026925,0.0033683,-0.040138,0.033984,-0.02757
0.0036905,-0.030148,0.0053019,-0.028214,0.020126,-0.031114
0.0036905,-0.029503,0.0091691,-0.026925,-0.001788,-0.034015
0.0049796,-0.030792,0.011425,-0.046261,0.031083,-0.032404
0.012392,-0.029825,0.016259,-0.024991,0.053964,-0.022413
0.012714,-0.028536,0.013036,0.011103,0.018837,-0.025636
0.0082023,-0.029181,0.01078,0.057509,0.014648,-0.029825
0.0053019,-0.036271,0.0049796,-0.029181,-0.015323,-0.034015
0.0094914,-0.036915,0.00046785,-0.081066,-0.026925,-0.029181
0.015937,-0.025636,0.011103,-0.14036,0.020771,-0.019513
0.017548,-0.015323,0.037529,-0.028536,0.079101,-0.015646
0.012392,-0.018224,0.014325,-0.034337,0.037529,-0.024991
0.011103,-0.019513,-0.011778,-0.010167,-0.011134,-0.030148
0.011425,-0.0046884,0.030117,0.17546,-0.0062998,-0.025636
0.01078,0.014648,0.026894,0.16934,-0.0092002,-0.027892
0.0098136,-0.0037216,0.015614,-0.0075889,0.020126,-0.031114
0.010458,-0.025314,0.021738,0.036884,0.051386,-0.023702
0.013036,-0.021446,0.0040128,0.058798,0.054287,-0.017901
0.012714,-0.020157,0.024638,-0.044005,0.03914,-0.021124
0.011425,-0.022413,0.041074,-0.092346,0.020126,-0.025314
0.013359,-0.022735,0.016581,-0.03047,-0.00017668,-0.025636
0.011103,-0.022735,0.026249,-0.048517,0.0091691,-0.021769
0.0088468,-0.025958,0.0094914,-0.041749,0.028827,-0.025314
0.0069132,-0.030148,-0.0021103,-0.035304,0.035917,-0.02757
0.0082023,-0.029503,0.018193,-0.049162,0.026894,-0.025958
0.011425,-0.025314,0.017548,-0.066564,0.032372,-0.021446
0.01078,-0.022091,0.020449,-0.07172,0.012714,-0.021446
0.0082023,-0.02338,0.0020792,-0.021769,0.015614,-0.029503
0.0094914,-0.029503,0.0062687,-0.072365,0.013681,-0.032081
0.0069132,-0.032726,0.0075578,-0.084933,0.020771,-0.033693
0.0049796,-0.027892,0.012392,0.059121,0.016904,-0.035949
0.010458,-0.025314,0.043974,0.21413,0.018193,-0.029503
0.013681,-0.023702,0.021415,0.061699,0.0094914,-0.026603
0.010458,-0.023058,0.01078,-0.21932,-0.00082122,-0.025958
0.01207,-0.020802,0.0075578,-0.070109,0.0069132,-0.024347
0.011103,-0.01629,0.019159,-0.059796,0.019482,-0.020802
0.0072355,-0.021446,0.036884,0.0017569,0.027216,-0.023702
0.014648,-0.019513,0.023349,0.072334,0.044296,-0.020802
0.011747,-0.022091,0.0069132,0.0036905,0.058476,-0.026603
0.0085246,-0.028214,0.01078,-0.10459,0.048164,-0.028214
0.012714,-0.02628,0.011103,-0.046583,0.01078,-0.029503
0.013036,-0.02757,0.010458,-0.046583,-0.0092002,-0.026603
0.012392,-0.024347,0.0049796,-0.048195,-0.0040439,-0.028214
0.011425,-0.022413,0.0046573,-0.016612,0.014325,-0.030148
0.013036,-0.024025,0.01497,-0.029503,0.02496,-0.020802
0.013036,-0.024025,0.034951,0.011103,0.033662,-0.02338
0.010458,-0.024025,0.017226,-0.019191,0.023671,-0.025958
0.012714,-0.024025,0.006591,-0.049806,0.0053019,-0.02628
0.0091691,-0.021769,0.016904,0.0033683,0.0082023,-0.027892
0.0049796,-0.02628,0.0094914,-0.043361,-0.00082122,-0.033048
0.0027237,-0.029503,0.012392,0.083935,0.040107,-0.031759
0.0024015,-0.033048,0.0062687,-0.036915,0.036884,-0.03047
0.015292,-0.02048,0.020126,0.022382,0.032372,-0.019191
0.026249,-0.005333,0.039785,-0.054962,0.040429,-0.0062998
0.01787,-0.0095225,0.031083,0.0020792,0.040429,-0.016612
0.010136,-0.017257,0.021738,-0.011134,0.035595,-0.029825
0.011747,-0.022091,0.019159,-0.013712,0.020126,-0.028859
0.01207,-0.020157,0.017226,0.041074,0.015292,-0.029503
0.0072355,-0.022735,0.01787,0.04333,0.00046785,-0.029181
0.0098136,-0.021769,0.0072355,0.076201,0.024638,-0.022735
0.0088468,-0.02048,0.01497,-0.0088779,0.025605,-0.026603
0.0056242,-0.023058,0.03624,-0.057541,0.045908,-0.025314
0.00788,-0.024347,0.0072355,-0.070109,0.063955,-0.023702
0.00788,-0.02757,0.0036905,-0.047872,0.014325,-0.03047
0.0082023,-0.024025,0.0053019,-0.04465,-0.0014658,-0.032404
0.0098136,-0.020802,0.0059464,-0.030792,0.0024015,-0.028214
0.011425,-0.021769,0.0088468,0.027216,0.010136,-0.028536
0.0082023,-0.024991,0.016259,0.10843,0.017548,-0.030792
0.0085246,-0.024347,0.014648,0.014003,-0.0014658,-0.029503
0.013681,-0.020802,0.02206,-0.070109,0.017548,-0.020802
0.013359,-0.018546,0.022704,-0.071076,0.038818,-0.01629
0.010136,-0.022735,0.011747,-0.070754,0.024638,-0.024025
0.0094914,-0.02338,0.013036,-0.13714,-0.0050107,-0.030792
0.0088468,-0.022413,0.019804,-0.075265,-0.0050107,-0.029503
0.0075578,-0.019513,0.021738,0.081357,0.028183,-0.029503
0.017548,-0.017901,-0.0033994,0.078779,0.047519,-0.019835
0.020449,-0.013067,0.026249,0.01787,0.073623,-0.018868
0.0094914,-0.019191,0.049775,-0.017257,0.0675,-0.028859
0.00788,-0.027247,0.01207,-0.045617,0.034628,-0.024669
0.012714,-0.022735,0.014325,-0.081388,0.02206,-0.024347
0.012392,-0.019835,0.021415,-0.046583,0.0053019,-0.03047
0.0075578,-0.025314,0.0075578,0.003046,0.0014347,-0.031759
0.0072355,-0.029181,0.0049796,-0.019191,-0.0037216,-0.032726
0.006591,-0.029181,0.0085246,-0.0040439,0.0082023,-0.028859
0.0069132,-0.025636,0.019159,0.034628,0.020771,-0.025636
0.011425,-0.022091,0.021738,0.01497,0.0094914,-0.022735
0.013681,-0.017901,0.025283,-0.072043,-0.015646,-0.026603
0.016581,-0.013712,0.035917,-0.11426,-0.0030771,-0.021446
0.0098136,-0.022735,-0.02628,-0.056251,0.0088468,-0.025314
0.0053019,-0.02628,0.0072355,-0.001788,0.022382,-0.029181
0.010136,-0.02628,0.015292,-0.096857,0.013036,-0.028214
0.0091691,-0.022735,0.018837,-0.024025,-0.016935,-0.028214
0.0069132,-0.024669,0.018837,0.1239,-0.0085557,-0.03337
0.0094914,-0.026925,0.016259,0.13389,0.061699,-0.029503
0.0094914,-0.022735,0.016581,-0.024347,0.087803,-0.023702
0.0098136,-0.02628,0.011747,-0.11426,0.022704,-0.030148
0.006591,-0.02628,0.016259,-0.10878,0.026894,-0.028536
0.011425,-0.022091,0.027538,0.014648,0.067822,-0.015968
0.012392,-0.022091,0.023027,0.083291,0.092637,-0.021446
0.0082023,-0.024991,0.013359,-0.0072666,0.041074,-0.026925
0.0085246,-0.027892,-0.0040439,-0.10717,0.0017569,-0.029181
0.0088468,-0.024991,0.0024015,-0.066886,-0.01339,-0.031114
0.012714,-0.017579,0.01497,0.028183,-0.024991,-0.027892
0.015937,-0.015001,0.026249,-0.072365,-0.0069443,-0.017257
0.014325,-0.01629,0.035273,0.0020792,0.068789,-0.016612
0.013681,-0.021446,0.016581,0.026894,0.086514,-0.020802
0.0098136,-0.023058,0.021415,0.076523,0.044296,-0.021124
0.011747,-0.022735,0.020771,0.060732,0.032372,-0.023058
0.012714,-0.022413,0.014325,-0.027892,0.003046,-0.024991
0.013681,-0.024347,0.012714,-0.024025,-0.0043662,-0.02628
0.010136,-0.024347,0.01078,-0.03047,0.0040128,-0.03337
0.006591,-0.022735,0.010458,-0.029825,0.011103,-0.028859
0.0075578,-0.02338,0.011747,-0.035304,0.006591,-0.027247
0.010458,-0.022413,0.018515,-0.030148,-0.0075889,-0.028214
0.011103,-0.022413,0.015614,-0.02048,-0.0069443,-0.026925
0.0094914,-0.020802,0.0043351,-0.01339,-0.0027548,-0.030792
0.00788,-0.018546,0.023993,-0.0037216,0.014003,-0.029825
0.0072355,-0.026603,0.02496,-0.020802,0.013036,-0.031759
0.01207,-0.025636,0.0072355,-0.032726,-0.001788,-0.030792
0.014325,-0.021769,0.011425,-0.062697,0.024638,-0.021769
0.014325,-0.018224,0.020449,-0.071398,0.031083,-0.019513
0.016581,-0.018868,0.0040128,0.0082023,0.030117,-0.021124
0.012714,-0.02048,0.030761,0.039785,0.033017,-0.024669
0.0072355,-0.025636,0.031083,-0.0092002,0.03624,-0.029181
0.012714,-0.024991,-0.00082122,-0.014679,0.061054,-0.022413
0.0094914,-0.027247,0.003046,-0.031114,0.061699,-0.019835
0.0098136,-0.025636,0.033662,-0.097824,0.01787,-0.025636
0.015614,-0.023058,0.021738,-0.07591,0.011103,-0.024025
0.01497,-0.018868,0.016259,0.00046785,0.026249,-0.025636
0.010458,-0.015323,0.014003,0.057832,0.021738,-0.03337
0.0027237,-0.016935,0.018837,0.11391,0.020126,-0.033693
0.0011124,-0.022735,0.036884,-0.030792,0.0033683,-0.031114
0.0072355,-0.023058,0.027538,-0.051095,-0.010489,-0.030148
0.01207,-0.018224,0.024638,-0.014034,0.0069132,-0.026925
0.0072355,-0.024347,0.01497,-0.023058,0.043974,-0.025636
0.0082023,-0.024991,0.0033683,-0.03756,0.040429,-0.02757
0.00788,-0.02338,0.0017569,-0.031114,0.039785,-0.026603
0.0088468,-0.022735,0.0072355,-0.030792,0.013036,-0.028214
0.013681,-0.020157,0.017548,-0.044327,0.013036,-0.02628
0.013681,-0.018224,0.030439,0.00788,0.021415,-0.024347
0.013681,-0.021124,0.023671,0.018193,0.021738,-0.024991
0.011425,-0.025636,0.0088468,-0.00082122,0.026894,-0.021124
0.013036,-0.024347,0.010458,-0.034659,0.01787,-0.022735
0.013681,-0.025314,0.0082023,-0.044005,0.011425,-0.025314
0.010136,-0.027247,0.0072355,-0.03756,0.0059464,-0.027247
0.011425,-0.024669,0.014648,-0.0046884,0.011103,-0.024669
0.01078,-0.022091,0.011747,0.037529,0.01497,-0.024991
0.011103,-0.020802,0.0027237,-0.029503,0.011103,-0.027892
0.014003,-0.017257,0.00079012,-0.084611,0.006591,-0.025314
0.0082023,-0.021446,0.00079012,-0.078166,-0.0050107,-0.026603
0.0059464,-0.02757,0.016904,-0.073976,0.0053019,-0.030792
0.0085246,-0.027892,0.023993,0.090703,0.050742,-0.024669
0.015292,-0.025636,0.033339,0.14581,0.091025,-0.015646
0.021415,-0.019835,0.032695,0.024316,0.076523,-0.011456
0.016259,-0.017901,0.032695,-0.10201,0.026572,-0.019191
0.013681,-0.011778,0.041074,-0.025314,0.019159,-0.021769
0.012392,-0.018546,0.025927,-0.053673,0.010136,-0.025636
0.012392,-0.02338,-0.029825,-0.036915,0.006591,-0.025636
0.010458,-0.020802,0.016581,-0.043683,0.015614,-0.025314
0.0046573,-0.025636,0.039785,-0.049162,-0.012101,-0.031759
0.00079012,-0.027247,0.020126,-0.044005,-0.025314,-0.03337
0.0036905,-0.028214,0.0059464,-0.054962,0.012714,-0.03337
0.0056242,-0.028536,0.0085246,-0.062375,0.01497,-0.031759
0.010136,-0.02338,0.013359,-0.068498,0.024316,-0.024025
0.013681,-0.023058,0.019804,0.05332,0.074912,-0.019835
0.01078,-0.022735,0.023671,0.087158,0.039462,-0.025958
0.011747,-0.021446,0.017226,0.047841,0.0040128,-0.028214
0.011425,-0.021446,0.00788,0.0043351,0.014648,-0.022091
0.010136,-0.022413,0.0024015,-0.011778,0.048808,-0.024991
0.0091691,-0.024669,0.00788,-0.012101,0.062666,-0.029825
0.0082023,-0.021769,0.014648,-0.017901,0.047197,-0.031759
0.01497,-0.021124,0.012392,-0.01629,0.011747,-0.026925
0.011425,-0.020157,0.0049796,0.028505,0.0011124,-0.025314
0.0075578,-0.020802,0.027538,-0.035949,-0.0075889,-0.031437
0.0091691,-0.02338,0.019482,-0.049162,-0.022735,-0.023702
0.0098136,-0.024347,0.0088468,-0.065275,-0.017579,-0.024669
0.00788,-0.02628,0.014648,-0.079777,-0.00082122,-0.03047
0.00079012,-0.025314,0.016581,0.14065,0.019482,-0.035949
0.0040128,-0.025958,0.012392,0.15967,0.047841,-0.028859
0.015292,-0.018868,0.023671,-0.063664,0.041074,-0.024669
0.016581,-0.012423,0.028827,-0.073654,0.069756,-0.02048
0.011425,-0.018546,0.025283,-0.04755,0.08039,-0.02628
0.013359,-0.019191,0.023993,-0.12618,0.048808,-0.028859
0.012392,-0.021769,0.018193,-0.097824,0.068144,-0.024347
0.0091691,-0.025958,0.011425,-0.0072666,0.053964,-0.023058
0.0098136,-0.026925,0.011425,0.01787,0.0043351,-0.022091
0.014325,-0.021769,0.019482,0.0062687,0.011103,-0.025314
0.014648,-0.024669,0.01787,-0.015323,0.0036905,-0.027892
0.0091691,-0.025958,0.006591,0.0094914,-0.0024326,-0.025636
0.012392,-0.027892,-0.0082334,-0.044972,-0.0046884,-0.023702
0.0098136,-0.024025,0.017226,0.010458,0.0082023,-0.025314
0.0062687,-0.023702,0.023027,0.0059464,0.0075578,-0.026925
0.014325,-0.023702,0.019482,-0.0011435,0.017226,-0.021124
0.010458,-0.021769,0.02496,0.037206,0.019804,-0.021769
0.00788,-0.024991,0.013359,-0.04465,0.01078,-0.026925
0.011425,-0.023702,0.0056242,-0.11394,0.0088468,-0.028859
0.0082023,-0.025636,0.003046,-0.19644,-0.021446,-0.035304
0.0053019,-0.029181,0.0033683,0.0085246,-0.018546,-0.040783
0.0020792,-0.028859,0.0072355,0.14098,-0.010167,-0.041105
0.012714,-0.015968,0.029472,0.012714,0.031728,-0.019835
0.022382,-0.012745,0.0091691,-0.19741,0.088769,-0.0030771
0.023027,-0.017257,0.0085246,-0.070754,0.09457,-0.0046884
0.01207,-0.015323,0.08458,0.18287,0.057832,-0.019513
0.014003,-0.018546,0.039785,0.15258,0.028183,-0.028214
0.012714,-0.019513,0.021738,0.038173,0.0053019,-0.030792
0.012714,-0.019191,0.021738,0.015292,0.010136,-0.024669
0.014648,-0.021446,0.013681,-0.023058,0.018837,-0.024669
0.0098136,-0.022091,0.0082023,-0.07881,0.014325,-0.02628
0.0082023,-0.022091,0.01078,-0.045294,-0.010167,-0.028859
0.01078,-0.024025,0.0098136,-0.06882,-0.024991,-0.029503
0.0072355,-0.025958,0.0094914,-0.069142,-0.025314,-0.031759
0.0082023,-0.02338,0.013036,-0.062697,0.00079012,-0.033048
0.0075578,-0.028536,0.003046,-0.082355,0.05622,-0.028859
0.0098136,-0.026603,0.00079012,-0.077199,0.068144,-0.022735
0.013036,-0.021769,0.015937,-0.019513,0.035273,-0.022091
0.00788,-0.023702,0.011425,-0.053673,-0.010812,-0.028214
0.0043351,-0.024669,0.01497,0.03205,-0.028214,-0.032081
0.0049796,-0.025314,0.0098136,0.044296,-0.044005,-0.032404
0.0085246,-0.02338,0.015937,0.052353,-0.0043662,-0.028536
0.0098136,-0.023702,0.016581,-0.0088779,0.087158,-0.023702
0.0069132,-0.025636,0.019482,-0.0056553,0.093281,-0.027247
0.0046573,-0.031759,0.010458,0.022704,0.065566,-0.033693
0.0088468,-0.025314,0.029472,-0.055607,0.042041,-0.027892
0.012714,-0.021124,-0.0021103,-0.087189,0.042363,-0.019835
0.018193,-0.018546,0.016259,-0.037882,0.035273,-0.016612
0.018837,-0.02338,0.023671,0.048164,0.034628,-0.012745
0.014003,-0.03337,0.024316,0.10939,0.023349,-0.017579
0.012392,-0.026603,0.0036905,-0.038204,0.02915,-0.021769
0.011425,-0.02628,0.015937,-0.04465,0.028827,-0.025958
0.0094914,-0.024347,0.049775,-0.0043662,0.020126,-0.028214
0.012392,-0.017901,0.019804,-0.018224,0.016259,-0.028536
0.015292,-0.012423,0.018193,-0.038204,0.013681,-0.02628
0.014648,0.0040128,0.011103,-0.064953,0.0033683,-0.029503
0.01078,0.011747,0.020449,-0.089767,-0.025958,-0.036915
0.0049796,-0.017901,0.0091691,-0.13521,-0.043038,-0.03756
0.0046573,-0.031114,-0.005333,-0.11297,-0.027247,-0.033693
0.0059464,-0.027892,0.00079012,0.003046,0.025283,-0.029181
0.0040128,-0.029825,0.0046573,0.00788,0.028827,-0.030792
0.0043351,-0.031114,-0.0024326,-0.19418,0.02206,-0.029181
0.010458,-0.026925,0.019482,-0.043683,0.042685,-0.022735
0.01078,-0.032081,0.034628,0.12261,0.041074,-0.024991
0.018193,-0.019191,0.055898,0.35593,0.051709,-0.018546
0.016259,-0.016935,0.034306,0.18771,0.043007,-0.019191
0.011425,-0.039493,0.010136,0.036884,0.014648,-0.024025
0.013036,-0.055929,0.003046,0.041718,0.0085246,-0.024991
0.011747,-0.045294,-0.022735,-0.2074,0.02915,-0.022735
0.0085246,-0.031437,-0.010167,-0.14584,0.057187,-0.026925
0.0024015,-0.01629,0.018837,0.047519,0.049453,-0.033048
0.012392,0.022382,0.044296,0.1297,0.033984,-0.028536
0.017226,0.048164,0.044296,0.02496,0.033339,-0.023058
0.01497,0.0046573,0.023027,-0.1365,0.00788,-0.023058
0.00788,-0.035304,0.02206,-0.14262,-0.029503,-0.026603
0.010136,-0.027892,0.014648,-0.11007,-0.039171,-0.024991
0.012392,-0.02628,0.027216,0.0072355,-0.01339,-0.019835
0.010136,-0.024025,0.031406,0.070722,0.029472,-0.022413
0.012392,-0.018546,0.037206,-0.065275,0.075879,-0.018868
0.013359,-0.019191,0.023349,0.030117,0.074267,-0.020157
0.0091691,-0.025636,0.0033683,-0.0062998,0.047519,-0.024347
0.0014347,-0.034982,-0.014357,-0.12876,0.011103,-0.039171
0.003046,-0.041749,-0.01629,-0.10137,-0.021124,-0.038849
0.0072355,-0.043361,0.0024015,-0.11909,-0.025958,-0.031114
0.014325,-0.023702,0.033984,-0.067853,0.0094914,-0.016935
0.01078,-0.015646,0.02206,0.041074,0.022382,-0.018224
0.0085246,-0.017901,0.021415,0.033339,-0.015323,-0.025314
0.011103,-0.018546,0.028505,0.04913,-0.019835,-0.029825
0.0075578,-0.026603,0.00046785,0.08168,0.046875,-0.021124
0.011425,-0.018868,0.019482,0.058154,0.083935,-0.024347
0.013681,-0.018868,0.022382,-0.088156,0.076201,-0.026925
0.015614,-0.030148,-0.0021103,-0.12393,0.064599,-0.021446
0.0072355,-0.040783,0.0036905,-0.0037216,0.0091691,-0.036593
0.0036905,-0.036915,0.023671,-0.021769,-0.005333,-0.042072
0.01078,-0.029825,0.026572,0.082969,-0.00082122,-0.025314
0.01497,-0.03047,0.014003,-0.034659,-0.011778,-0.027247
0.0082023,-0.026925,0.006591,-0.21481,-0.0095225,-0.028214
0.010458,-0.02048,0.021415,0.032695,0.04623,-0.024669
0.013681,-0.017257,0.031728,0.090381,0.072978,-0.023702
0.011747,-0.020157,0.0085246,-0.093957,0.064922,-0.024347
0.0094914,-0.018224,0.022704,-0.063986,0.059443,-0.02757
0.012714,-0.015968,0.025283,0.22928,0.065888,-0.02048
0.0098136,-0.019835,0.015614,0.20446,0.03205,-0.024991
0.0094914,-0.021124,0.015937,-0.019835,-0.00082122,-0.024669
0.014003,-0.021769,0.003046,-0.088156,-0.045939,-0.027892
0.0069132,-0.025314,-0.0014658,-0.075265,-0.029825,-0.034015
0.0043351,-0.028536,-0.0066221,-0.056574,0.020449,-0.035304
0.0056242,-0.025636,-0.0079111,-0.17936,0.031728,-0.030148
0.011103,-0.021446,0.023993,0.035595,0.059765,-0.023702
0.010136,-0.020157,0.016581,0.15,0.054287,-0.019191
0.013036,-0.017579,0.018837,-0.096213,0.046875,-0.015001
0.014003,-0.015001,0.066211,0.037529,0.043652,-0.016935
0.013036,-0.014034,0.033662,-0.0040439,0.0033683,-0.018224
0.014648,-0.016612,0.037206,-0.00082122,-0.0066221,-0.019191
0.014325,-0.017257,0.032372,-0.063986,-0.0011435,-0.025958
0.013681,-0.020157,0.0040128,-0.083322,-0.0011435,-0.02757
0.010458,-0.024991,0.0043351,-0.040138,-0.019835,-0.032404
0.014003,-0.021446,0.023349,-0.061085,-0.0024326,-0.025314
0.013036,-0.022413,-0.0040439,-0.073654,0.018515,-0.02757
0.014003,-0.020802,0.0075578,-0.040783,-0.022091,-0.029503
0.0085246,-0.021446,0.020449,0.0011124,0.00788,-0.025314
0.0024015,-0.025314,0.01497,0.018193,0.055898,-0.029825
0.0053019,-0.024347,0.0046573,-0.0085557,0.071689,-0.03047
0.0098136,-0.02628,0.0091691,-0.031114,0.062021,-0.03047
0.01207,-0.022091,0.0043351,-0.065919,0.0091691,-0.031759
0.0098136,-0.024669,0.00014558,-0.12328,-0.026925,-0.02757
0.0062687,-0.028536,0.013681,-0.11652,-0.024991,-0.025314
0.013681,-0.019191,0.036884,0.08458,0.017548,-0.017579
0.013681,-0.019835,0.024638,0.17385,0.067177,-0.019191
0.012714,-0.021124,0.016581,-0.018224,0.079101,-0.029503
0.011747,-0.019513,0.023349,-0.07881,0.074912,-0.028536
0.011103,-0.022091,0.012714,-0.053673,0.036884,-0.02338
0.0088468,-0.026603,0.011747,0.037851,0.0033683,-0.024669
0.011103,-0.025636,0.018515,0.099727,-0.00049895,-0.026925
0.0085246,-0.02757,0.0098136,-0.048839,-0.029503,-0.032081
0.0053019,-0.029825,0.0043351,-0.12618,-0.069787,-0.036593
0.0033683,-0.029181,-0.0043662,-0.083967,-0.052062,-0.036271
0.01078,-0.021446,0.0033683,0.056543,0.0014347,-0.02048
0.016904,-0.012745,0.039785,0.019804,0.048164,-0.015646
0.017226,-0.012423,0.019804,-0.041105,0.13518,-0.011778
0.010136,-0.019835,0.030117,-0.014679,0.11455,-0.021769
0.0072355,-0.021124,0.029472,0.058476,0.025605,-0.029503
0.010458,-0.022413,0.011103,0.050097,0.015937,-0.024669
0.011425,-0.024025,0.016904,0.03205,0.043974,-0.02628
0.013359,-0.024347,0.006591,0.015937,0.05622,-0.02628
0.01497,-0.018224,0.028505,0.05332,0.063955,-0.02048
0.015614,-0.019513,0.01787,-0.01629,0.059121,-0.022091
0.015614,-0.02048,0.021738,-0.10717,0.0069132,-0.028859
0.011425,-0.019191,0.033017,-0.072365,0.01207,-0.028859
0.011103,-0.022413,0.016904,-0.036593,0.0053019,-0.03047
0.0049796,-0.029825,0.0017569,0.058154,0.00079012,-0.035949
0.0043351,-0.030148,-0.0043662,-0.020157,-0.0021103,-0.031759
0.0094914,-0.026603,-0.015646,-0.059474,0.0011124,-0.023702
0.0091691,-0.024025,-0.021769,0.0036905,0.0075578,-0.025958
0.0085246,-0.022413,0.062343,-0.0040439,0.00046785,-0.024991
0.0082023,-0.021124,0.042685,-0.098146,-0.017257,-0.030148
0.0082023,-0.022735,0.0098136,-0.12328,-0.022413,-0.031759
0.0062687,-0.028859,0.018193,-0.10717,-0.0030771,-0.028536
0.0094914,-0.026603,-0.001788,-0.075265,-0.013067,-0.028859
0.013359,-0.022091,0.01078,-0.18258,-0.065275,-0.031114
0.0056242,-0.023702,0.012392,-0.23576,-0.056896,-0.032726
0.01078,-0.01629,0.03914,-0.096535,0.024638,-0.017901
0.019482,-0.011134,0.058476,0.32822,0.12841,-0.0085557
0.014648,-0.017579,0.027216,0.33692,0.11133,-0.017257
0.011747,-0.024347,-0.0030771,0.032372,0.048164,-0.025314
0.010458,-0.025314,0.011103,-0.02048,0.064277,-0.026925
0.0098136,-0.022735,0.019159,-0.063019,0.056543,-0.021124
0.015292,-0.016612,0.028827,0.046552,0.041718,-0.020802
0.014648,-0.020802,0.0036905,0.0040128,0.031083,-0.024991
0.010136,-0.02628,0.0075578,-0.027247,0.023027,-0.029825
0.0062687,-0.026603,0.020449,-0.03047,0.020449,-0.029181
0.0069132,-0.029181,-0.0056553,-0.019513,0.0017569,-0.032081
0.0053019,-0.02757,0.0017569,-0.037238,0.016581,-0.03047
0.00788,-0.021124,0.021738,0.023027,0.038818,-0.024669
0.012392,-0.019513,0.0082023,0.055898,0.033984,-0.02048
0.0059464,-0.026603,0.016904,-0.050451,0.024316,-0.027247
0.0094914,-0.021446,0.028183,-0.039171,0.026572,-0.025314
0.014325,-0.017901,0.021415,0.0046573,0.033017,-0.022735
0.013036,-0.020802,0.027216,-0.045617,0.0082023,-0.024991
0.0098136,-0.021124,0.023349,-0.026925,0.0059464,-0.028859
0.010136,-0.022091,0.0062687,-0.013067,-0.001788,-0.028536
0.0094914,-0.020802,0.017226,-0.082033,-0.024669,-0.026925
0.010136,-0.023702,0.015614,-0.038849,-0.0098447,-0.028536
0.0091691,-0.025958,0.0098136,-0.0082334,0.010458,-0.02628
0.0088468,-0.023058,0.01078,-0.018868,0.043974,-0.023702
0.0069132,-0.02628,0.0072355,-0.0024326,0.082324,-0.028859
0.0094914,-0.024669,0.019482,-0.017579,0.04913,-0.031114
0.011103,-0.018868,0.047519,-0.05464,0.018515,-0.02628
0.0091691,-0.022091,0.0043351,0.031406,0.021093,-0.025958
0.0062687,-0.035304,-0.023702,0.012714,0.00788,-0.027892
0.0085246,-0.029825,0.029472,-0.02757,0.00046785,-0.026603
0.014648,-0.019191,0.020126,-0.062697,0.0059464,-0.024669
0.013036,-0.013067,0.014325,-0.051095,0.0059464,-0.029181
0.0085246,-0.018546,0.010136,-0.047228,-0.013712,-0.031437
0.0094914,-0.025314,0.017548,-0.04755,-0.010167,-0.02628
0.012714,-0.023702,0.021093,-0.077843,0.014648,-0.026925
0.013036,-0.031437,0.017548,-0.055929,0.042363,-0.027247
0.013681,-0.036271,0.003046,0.052675,0.04333,-0.020157
0.010458,-0.032404,0.003046,0.10134,0.025605,-0.026925
0.012714,-0.027247,0.018193,0.0020792,0.025283,-0.023702
0.0088468,-0.024347,0.03624,-0.058507,0.027861,-0.027892
0.0094914,-0.021446,0.014003,-0.050128,0.047519,-0.025314
0.011747,-0.0095225,0.02206,0.038496,0.047841,-0.024025
0.01497,0.020126,0.021093,0.025927,0.026572,-0.022091
0.014003,0.010458,0.010458,-0.025314,0.031083,-0.020802
0.0056242,-0.02757,0.024316,-0.058185,0.03205,-0.028859
0.0040128,-0.031114,0.0017569,-0.022413,0.016904,-0.031437
0.010458,-0.025636,0.0082023,-0.061085,0.006591,-0.025314
0.013359,-0.024991,0.031406,-0.099113,-0.0037216,-0.021446
0.012392,-0.02628,0.021093,0.0011124,-0.018546,-0.023058
0.0085246,-0.027892,0.025605,0.085225,0.0062687,-0.032081
0.0072355,-0.032726,0.0053019,-0.0030771,0.03205,-0.030148
0.01207,-0.025314,0.011747,0.073945,0.043007,-0.021124
0.022704,-0.015001,0.04333,0.037206,0.052675,-0.011778
0.02206,-0.015001,0.031083,-0.070109,0.033984,-0.01629
0.014003,-0.022413,0.0088468,-0.084611,-0.0062998,-0.02757
0.012392,-0.022735,0.011103,-0.060441,-0.027247,-0.034337
0.011103,-0.022735,0.01787,-0.070754,-0.005333,-0.031114
0.0094914,-0.023702,0.016259,-0.068175,0.046552,-0.02628
0.0085246,-0.02757,0.0020792,-0.033693,0.047841,-0.031759
0.00788,-0.026603,0.0059464,0.025605,0.071367,-0.033693
0.0069132,-0.028859,0.0062687,-0.068498,0.058154,-0.029825
0.0059464,-0.029503,0.0098136,-0.074298,0.011747,-0.031114
0.006591,-0.031114,0.0033683,0.01207,-0.011778,-0.032081
0.0043351,-0.032726,0.0017569,0.076846,-0.013712,-0.030148
0.014325,-0.022413,0.013359,0.094893,0.023671,-0.018546
0.015937,-0.015001,0.020771,0.13647,0.050419,-0.017257
0.00788,-0.022091,0.039785,0.096826,0.040429,-0.02628
0.013681,-0.020802,0.021738,-0.00049895,0.052031,-0.020802
0.011425,-0.019835,0.013681,-0.083322,0.044619,-0.025636
0.011103,-0.021124,0.02496,-0.072043,0.051064,-0.022091
0.0085246,-0.022091,0.020449,-0.033693,0.039462,-0.024347
0.0062687,-0.021446,0.015292,-0.018224,0.0014347,-0.02628
0.0059464,-0.023702,0.01497,-0.049484,-0.025636,-0.030792
0.011747,-0.02048,0.024638,-0.040783,-0.02338,-0.022735
0.01078,-0.024025,0.010136,-0.035626,-0.0082334,-0.024025
0.0098136,-0.02628,-0.012745,-0.0085557,0.033984,-0.026925
0.0075578,-0.021446,0.021738,-0.024991,0.056865,-0.028859
0.011103,-0.021124,0.037851,-0.066886,0.034951,-0.027247
0.012392,-0.02338,0.012714,-0.042072,0.014648,-0.025314
0.006591,-0.025314,0.015292,-0.029503,0.0049796,-0.026925
0.01207,-0.023058,0.018193,-0.036593,0.0059464,-0.024669
0.012714,-0.022413,0.0024015,-0.043361,0.013359,-0.024025
0.012714,-0.024025,-0.0066221,-0.019513,0.022704,-0.02757
0.00788,-0.027892,0.020449,-0.0037216,0.0036905,-0.03337
0.0082023,-0.02338,0.010458,0.0059464,0.015937,-0.03047
0.01078,-0.022091,0.030117,0.0043351,0.033339,-0.024025
0.015292,-0.017901,0.031406,0.08748,0.041718,-0.021124
0.016259,-0.016612,0.023027,-0.02757,0.038173,-0.020157
0.019804,-0.014679,0.030439,-0.09009,0.026572,-0.019513
0.014003,-0.019835,0.019159,-0.065275,0.012714,-0.023702
0.0049796,-0.02338,0.0098136,-0.034337,0.0053019,-0.02757
0.0049796,-0.027247,0.0046573,-0.00082122,-0.0046884,-0.034337
0.00079012,-0.025958,0.0091691,0.020771,-0.030148,-0.039493
0.0020792,-0.028536,0.011425,-0.070754,-0.036593,-0.039171
0.0075578,-0.028536,0.0069132,-0.1394,-0.00049895,-0.02628
0.014003,-0.020157,0.012392,-0.03756,0.056543,-0.018224
0.014325,-0.014679,0.027861,0.026572,0.061054,-0.017257
0.015292,-0.017901,0.027538,0.062988,0.048808,-0.01629
0.015614,-0.021124,0.026249,0.10134,0.046875,-0.015646
0.014325,-0.019513,0.028827,0.10359,0.076846,-0.021124
0.021093,-0.015001,0.015937,-0.023702,0.092637,-0.01629
0.013681,-0.016612,0.0062687,-0.055929,0.064922,-0.022091
0.0094914,-0.018868,0.030439,-0.046261,0.018193,-0.026925
0.0085246,-0.022735,0.0098136,-0.11136,0.0053019,-0.028536
0.010458,-0.02628,0.028505,-0.042394,0.0017569,-0.029181
0.0085246,-0.027892,-0.00017668,0.019804,-0.0088779,-0.031437
0.0098136,-0.029825,-0.01339,-0.016612,0.00046785,-0.029503
0.0088468,-0.023058,0.01497,-0.032404,0.016581,-0.027247
0.0075578,-0.021124,0.02206,-0.0088779,0.0024015,-0.03047
0.0072355,-0.018868,0.029794,-0.054962,-0.032081,-0.037238
0.00046785,-0.027247,-0.0037216,-0.19805,-0.096857,-0.048839
0.0043351,-0.032404,-0.0033994,-0.31181,-0.098146,-0.044005
0.01497,-0.023702,0.030117,-0.10459,0.033017,-0.021769
0.018837,-0.015323,0.047841,0.39202,0.16289,-0.012423
0.011747,-0.019835,0.021093,0.20994,0.18964,-0.019513
0.01497,-0.020157,0.015937,0.05622,0.096182,-0.011134
0.016259,-0.017579,0.027538,0.16998,0.064922,-0.0095225
0.010136,-0.022091,0.012714,0.034628,0.026894,-0.021124
0.011747,-0.019513,0.0088468,-0.024347,0.018193,-0.021124
0.011103,-0.021769,0.0024015,-0.072365,0.0085246,-0.021769
0.011425,-0.024025,0.015614,-0.026603,-0.0024326,-0.025958
0.011425,-0.024347,0.02496,-0.029503,-0.0050107,-0.031759
0.0082023,-0.02628,0.0091691,-0.060441,0.0017569,-0.028859
0.0072355,-0.028536,0.0014347,-0.084933,0.011747,-0.028536
0.0082023,-0.024025,0.0059464,-0.062697,-0.010489,-0.032081
0.00788,-0.025314,0.01207,-0.040783,-0.00049895,-0.028536
0.0072355,-0.02338,0.019482,-0.085256,-0.0011435,-0.02757
0.0043351,-0.026925,0.012392,-0.035626,-0.023702,-0.036915
0.006591,-0.024347,0.017548,0.036562,-0.018546,-0.035626
0.0085246,-0.024347,0.017548,-0.076232,-0.0092002,-0.031114
0.0088468,-0.028214,0.0020792,-0.34597,-0.0046884,-0.025958
0.0098136,-0.023702,0.018193,-0.3479,0.012392,-0.022413
0.016259,-0.017901,0.024638,0.17997,0.043974,-0.02048
0.01787,-0.016612,0.031406,0.4481,0.086191,-0.015323
0.017548,-0.015001,0.033662,0.12873,0.098115,-0.018546
0.014003,-0.015968,0.025605,-0.065919,0.055898,-0.023058
0.01207,-0.02338,0.017226,0.021093,0.025605,-0.029825
0.01207,-0.022735,0.0027237,-0.02338,0.013036,-0.030148
0.013681,-0.021446,-0.03047,-0.028214,0.01207,-0.024025
0.0088468,-0.023702,0.036884,0.040107,0.035917,-0.025636
0.0059464,-0.025958,0.08039,0.0053019,0.035917,-0.03047
0.0094914,-0.030148,-0.0033994,0.021415,0.034628,-0.022091
0.0053019,-0.029503,0.0033683,-0.081711,0.00079012,-0.034337
0.0072355,-0.02757,0.0059464,-0.098469,0.010136,-0.027247
0.013681,-0.022413,0.013036,-0.055607,0.030439,-0.021769
0.015614,-0.010812,0.024638,-0.032404,0.022704,-0.025636
0.014003,-0.015968,0.016904,-0.0082334,0.006591,-0.02757
0.010458,-0.024347,0.011425,-0.024025,-0.011134,-0.030148
0.010136,-0.022091,0.0036905,0.00788,0.00046785,-0.028859
0.012392,-0.017901,0.016904,0.039785,0.010458,-0.024025
0.013036,-0.018224,0.036562,-0.05883,0.011747,-0.022413
0.012392,-0.021124,0.033017,-0.062697,-0.0033994,-0.02757
0.01078,-0.024025,0.023349,-0.020802,-0.032726,-0.028859
0.0049796,-0.028536,0.023027,0.00046785,0.026249,-0.02757
0.0049796,-0.029503,0.0088468,-0.027892,0.10553,-0.024669
0.006591,-0.028214,0.0088468,-0.0043662,0.023671,-0.031437
0.0094914,-0.021769,0.016904,0.011103,-0.014679,-0.031114
0.012392,-0.020802,0.0033683,-0.15777,-0.0014658,-0.022091
0.0085246,-0.025636,-0.0046884,-0.26959,0.013359,-0.024025
0.012392,-0.025314,0.0085246,-0.079455,0.0020792,-0.022735
0.012392,-0.02628,0.016259,0.11648,0.043974,-0.020157
0.0059464,-0.02628,0.020449,0.15032,0.071045,-0.025636
0.011747,-0.018868,0.022704,0.10746,0.053964,-0.025958
0.0098136,-0.015646,0.017226,0.0088468,0.044619,-0.025958
0.011425,-0.024347,0.0033683,-0.0024326,0.034628,-0.024669
0.015614,-0.022413,-0.0014658,0.063955,0.048808,-0.017579
0.010136,-0.020802,0.013359,0.013681,0.051064,-0.023058
0.0094914,-0.022091,0.053964,-0.048517,0.042041,-0.023702
0.012714,-0.018546,0.033339,-0.061408,0.0036905,-0.024669
0.0094914,-0.021124,0.0036905,-0.096213,-0.01629,-0.030148
0.010458,-0.024991,0.0098136,-0.014357,0.0085246,-0.028536
0.0098136,-0.022413,0.011425,0.088769,0.034628,-0.031114
0.00788,-0.022413,0.012392,-0.022091,0.015937,-0.03756
0.010458,-0.017579,0.034628,0.014003,0.025605,-0.034015
0.0098136,-0.021124,0.036562,-0.048517,0.014648,-0.028214
0.0088468,-0.02628,-0.012745,-0.019191,0.0091691,-0.029825
0.00788,-0.02757,-0.0014658,-0.0095225,-0.011778,-0.026925
0.014003,-0.024347,0.0053019,-0.024991,0.016259,-0.020802
0.013681,-0.021769,0.0043351,-0.065275,0.036562,-0.021124
0.0046573,-0.02338,0.024316,-0.10524,-0.018868,-0.02628
0.0062687,-0.025958,0.015937,-0.071076,-0.0079111,-0.027247
0.01078,-0.024025,0.020771,0.19157,0.058154,-0.028859
0.015292,-0.016612,0.033984,0.13872,0.091992,-0.022735
0.016259,-0.015323,0.021093,-0.16067,0.041718,-0.019191
0.013036,-0.02048,0.022704,-0.10008,0.021093,-0.023702
0.01078,-0.022091,0.012392,-0.096535,0.023349,-0.023702
0.0091691,-0.023702,0.0049796,-0.1033,0.003046,-0.02757
0.013036,-0.021769,0.015292,-0.028214,0.038173,-0.021769
0.0094914,-0.024347,0.017226,0.12422,0.037529,-0.026603
0.0094914,-0.022413,0.01497,0.042363,0.0059464,-0.029503
0.010458,-0.022735,0.019804,-0.001788,0.014325,-0.028214
0.0085246,-0.022413,0.022382,-0.013712,0.0075578,-0.032404
0.0088468,-0.02628,0.01787,-0.054962,0.027538,-0.028859
0.0098136,-0.024669,0.014648,-0.050128,0.033662,-0.023702
0.01207,-0.024025,0.011103,-0.036915,0.033339,-0.020802
0.01497,-0.022091,0.014648,0.045585,0.0085246,-0.024025
0.016259,-0.019513,0.020449,-0.021446,0.012714,-0.024991
0.013681,-0.020802,0.015292,-0.1091,0.045908,-0.024347
0.01078,-0.024669,0.0094914,-0.019835,0.037851,-0.022413
0.014325,-0.023058,0.01207,0.026249,0.016904,-0.027247
0.012392,-0.024347,0.01078,-0.023058,0.0059464,-0.029825
0.012392,-0.023058,0.015292,-0.021769,-0.0075889,-0.029503
0.014325,-0.021769,0.018837,0.032695,-0.0037216,-0.027892
0.016259,-0.021124,0.018837,-0.044972,0.00079012,-0.024347
0.01207,-0.024991,0.010136,-0.093957,0.0059464,-0.028859
0.0036905,-0.027247,0.00014558,-0.10943,0.011425,-0.031759
-0.00049895,-0.028536,-0.0024326,-0.15164,0.015937,-0.034015
0.0049796,-0.025314,0.011103,0.0098136,0.0094914,-0.026925
0.006591,-0.019513,0.026572,0.062021,-0.0088779,-0.025636
0.0046573,-0.017901,0.020449,-0.13424,-0.032081,-0.026925
0.0085246,-0.013712,0.027216,0.075556,0.023993,-0.022735
0.016581,-0.010489,0.037206,0.27601,0.093603,-0.014034
0.015614,-0.014357,0.041718,0.13808,0.0675,-0.017579
0.011425,-0.021769,0.022704,-0.050451,0.044941,-0.022735
0.0094914,-0.020157,0.017548,-0.0079111,0.050097,-0.024347
0.011425,-0.024025,0.01078,0.018193,0.050742,-0.025636
0.01078,-0.026925,0.0091691,-0.060763,0.019804,-0.027247
0.0082023,-0.02628,0.01497,-0.015323,0.0040128,-0.029503
0.006591,-0.026925,0.01207,-0.043038,-0.019191,-0.035626
0.0069132,-0.026603,0.0091691,-0.057218,-0.02757,-0.035304
0.00788,-0.026603,-0.0043662,-0.081388,-0.023702,-0.034337
0.006591,-0.03047,-0.0043662,-0.089767,0.0069132,-0.035626
0.0053019,-0.032404,0.00079012,0.076846,0.066533,-0.029503
0.016581,-0.025958,0.022704,0.11713,0.070078,-0.018546
0.023349,-0.021124,0.02915,-0.089767,0.034951,-0.017901
0.015614,-0.024347,0.021738,-0.18774,0.029472,-0.022735
0.010458,-0.022091,0.012714,-0.022413,0.027216,-0.022091
0.0088468,-0.017579,0.013036,0.053964,0.029794,-0.022735
0.011747,-0.0075889,0.041718,0.0036905,0.064277,-0.017901
0.01787,-0.014679,0.045908,-0.025636,0.073945,-0.011778
0.018193,-0.017579,0.022382,0.023671,0.035595,-0.02338
0.0085246,-0.023058,0.020126,-0.032726,0.0033683,-0.031114
0.00788,-0.024347,0.016581,-0.019513,0.020126,-0.026925
0.0062687,-0.023058,0.014325,-0.048195,0.0040128,-0.030148
0.0043351,-0.023702,0.015937,-0.068175,-0.020802,-0.034659
0.0072355,-0.021769,0.01207,-0.04755,-0.041749,-0.029181
0.0062687,-0.024991,0.0033683,-0.041427,-0.065597,-0.026603
0.006591,-0.027247,0.0011124,0.0027237,-0.0066221,-0.025636
0.00788,-0.02628,0.0098136,0.045263,0.078779,-0.028859
0.0094914,-0.025636,0.013681,-0.01629,0.067822,-0.027892
0.013036,-0.019835,0.017548,-0.035626,0.070078,-0.023702
0.01497,-0.02048,0.017548,-0.054962,0.042041,-0.023702
0.015937,-0.021769,0.013681,-0.023058,0.0091691,-0.018546
0.0094914,-0.026603,-0.0040439,0.0046573,0.012392,-0.024347
0.0069132,-0.029825,0.0053019,-0.099113,0.01497,-0.028859
0.0085246,-0.024991,0.030761,-0.12554,0.011103,-0.033048
0.013681,-0.024025,0.0017569,-0.045617,-0.0069443,-0.032081
0.011425,-0.020802,0.014325,0.083935,0.012714,-0.029825
0.010136,-0.018546,0.039462,-0.005333,0.034306,-0.025636
0.00788,-0.019513,0.027216,0.15999,0.047519,-0.019191
0.0043351,-0.018868,0.026572,0.022382,0.045263,-0.017257
-0.0056553,-0.024347,0.017548,-0.079455,0.016904,-0.028536
-0.001788,-0.02048,0.014003,0.081357,0.026894,-0.037882
-0.0092002,-0.021124,0.019804,0.042041,0.039462,-0.03337
-0.0043662,-0.022413,0.010136,0.014648,0.038818,-0.022413
0.006591,-0.02338,0.0069132,0.013359,0.023027,-0.024669
0.018837,-0.022735,0.034628,-0.025636,0.0059464,-0.028214
0.036884,-0.018868,0.023993,-0.076232,0.011747,-0.024025
0.037529,-0.017579,0.024316,-0.015968,0.026894,-0.022091
0.033017,-0.018546,0.023993,-0.049484,0.035917,-0.018224
0.027216,-0.020802,-0.0024326,-0.01629,0.031083,-0.018546
0.017226,-0.024991,0.023027,0.014648,0.028505,-0.022091
0.00788,-0.03047,0.011425,-0.087189,0.010458,-0.031759
0.0046573,-0.029181,-0.026603,-0.073976,0.0040128,-0.038204
0.0046573,-0.021769,0.01207,-0.039171,0.0085246,-0.032404
0.0053019,-0.025636,0.0049796,-0.069464,-0.015646,-0.025636
0.010458,-0.025636,0.018515,-0.06173,-0.023702,-0.024347
0.016904,-0.028536,0.0017569,-0.07881,-0.0037216,-0.025314
0.020126,-0.022735,0.006591,-0.15744,-0.0085557,-0.018224
0.013681,-0.02048,0.035917,-0.048517,0.0082023,-0.02338
0.011747,-0.024025,0.028183,0.0014347,0.063633,-0.026925
0.012392,-0.015001,0.02206,0.12132,0.072334,-0.025314
0.0033683,-0.019513,0.030117,0.16547,0.041074,-0.030792
0.0033683,-0.020157,0.033017,0.1152,0.055576,-0.028859
0.0056242,-0.016612,0.026249,0.01497,0.050097,-0.025636
0.0014347,-0.021446,0.015937,0.015292,0.040107,-0.023702
-0.012101,-0.02757,0.018515,0.0033683,0.032695,-0.02757
-0.021446,-0.03047,0.012392,0.00046785,0.015292,-0.027247
-0.020802,-0.029181,0.0088468,-0.02048,0.010458,-0.02757
-0.029503,-0.026925,0.0094914,-0.055929,0.019482,-0.024347
-0.025636,-0.025958,0.01207,-0.072043,0.023993,-0.022413
0.0085246,-0.027247,0.01078,-0.0075889,0.011103,-0.027247
0.051709,-0.024347,0.0053019,0.0036905,0.020771,-0.028859
0.079101,-0.021446,0.00788,-0.02757,0.023027,-0.028859
0.079424,-0.013712,0.0043351,-0.04465,0.0075578,-0.025636
0.047841,-0.010489,0.023671,-0.072687,0.0072355,-0.018224
0.031083,-0.013067,0.034306,-0.089445,-0.0095225,-0.02048
0.026249,-0.018546,0.022382,-0.047228,-0.02628,-0.026603
0.017548,-0.022735,0.019482,-0.0024326,-0.016935,-0.031114
0.019482,-0.016935,0.021093,-0.036915,0.0091691,-0.022735
0.01207,-0.01629,0.030117,-0.038849,0.031083,-0.022091
0.00079012,-0.02048,0.022382,-0.011456,0.067822,-0.025636
0.00079012,-0.022735,0.016259,-0.022091,0.057509,-0.032404
0.00014558,-0.024991,0.01497,-0.014679,0.040107,-0.02757
-0.0040439,-0.024991,0.016904,-0.014679,0.033662,-0.026603
-0.005333,-0.026925,0.0069132,-0.052384,0.0094914,-0.03337
-0.0024326,-0.028536,-0.0079111,-0.060763,0.0082023,-0.029181
-0.0046884,-0.026925,0.0017569,-0.02048,-0.0011435,-0.030148
-0.0027548,-0.032726,0.0053019,0.020126,-0.010167,-0.034659
0.0072355,-0.028214,0.0062687,-0.014357,0.025927,-0.029503
0.01497,-0.015968,0.029472,-0.074621,0.038173,-0.023702
0.013359,-0.012423,0.040429,-0.011456,0.052998,-0.016935
0.0072355,-0.02048,0.013681,-0.03756,0.055254,-0.018868
0.0062687,-0.019835,0.021415,0.18255,0.060732,-0.020802
0.0036905,-0.022091,0.019482,0.04913,0.038496,-0.025314
0.0082023,-0.022413,0.033339,-0.014679,0.019159,-0.025636
0.006591,-0.02338,0.027538,-0.05464,0.0059464,-0.024991
0.003046,-0.024025,0.0072355,-0.065275,-0.0014658,-0.031759
0.0053019,-0.025958,-0.0024326,-0.056896,0.0094914,-0.031759
-0.00017668,-0.029825,-0.0062998,-0.012423,0.00046785,-0.033693
0.0027237,-0.028859,0.011103,0.11133,-0.00082122,-0.028536
0.0075578,-0.025636,0.010136,0.061699,-0.014679,-0.025636
0.013036,-0.02048,0.019159,-0.067531,-0.046583,-0.020802
0.017226,-0.015968,0.033662,-0.095246,0.00788,-0.015646
0.017548,-0.01629,0.038173,-0.072687,0.069756,-0.013712
0.016259,-0.013712,0.033017,0.049775,0.11004,-0.012101
0.014325,-0.02338,0.00788,0.035595,0.082324,-0.02338
0.012392,-0.024347,0.015614,-0.035304,0.027538,-0.030792
0.0072355,-0.02338,0.02496,-0.022735,0.0094914,-0.030792
0.0069132,-0.020157,0.026894,0.010136,0.011425,-0.023058
0.0059464,-0.018224,0.018193,-0.040138,0.024316,-0.022413
0.0091691,-0.018546,0.018837,-0.087189,0.05622,-0.02338
0.0072355,-0.022735,0.016259,-0.032726,0.04913,-0.027247
0.0082023,-0.025636,0.010136,-0.01339,0.015292,-0.029825
0.01497,-0.024669,0.0091691,0.028505,0.020126,-0.02628
0.018193,-0.021446,0.010458,0.011103,0.015614,-0.027247
0.023027,-0.021124,0.01078,-0.015646,-0.00049895,-0.027247
0.020771,-0.022735,0.017226,-0.018868,-0.005333,-0.027892
0.017226,-0.024025,0.015292,-0.037882,0.0017569,-0.027247
0.0091691,-0.024991,0.0046573,-0.042394,-0.00082122,-0.02628
0.0091691,-0.026925,0.0072355,-0.050773,-0.00017668,-0.026925
0.014325,-0.021446,0.022704,-0.028859,0.016581,-0.028536
0.010458,-0.022735,0.023349,0.0062687,0.04913,-0.026925
0.006591,-0.028859,0.010458,0.00046785,0.035595,-0.034015
0.0094914,-0.026925,0.0075578,-0.005333,0.019159,-0.031759
0.011103,-0.024991,0.0082023,-0.011778,0.030117,-0.02628
0.011747,-0.021124,0.0033683,-0.03047,0.018837,-0.030792
0.013036,-0.018868,0.023349,-0.076877,0.0062687,-0.024347
0.0091691,-0.024669,0.029472,-0.16711,0.0053019,-0.025636
0.010136,-0.027247,0.0088468,-0.12361,0.025927,-0.027892
0.0082023,-0.026603,0.012392,0.11294,0.014648,-0.032081
0.01078,-0.02338,0.01497,0.21381,0.020126,-0.027247
0.013036,-0.017901,0.029472,0.14968,0.03624,-0.025958
0.013359,-0.019191,0.020126,-0.1033,0.01207,-0.026603
0.014325,-0.020802,0.011747,-0.074621,0.018837,-0.023702
0.011103,-0.021124,0.019159,-0.031437,0.031083,-0.020802
0.0094914,-0.024669,0.011747,-0.012745,0.030439,-0.019191
0.0072355,-0.026603,0.010136,0.0036905,0.028827,-0.027892
0.010136,-0.021446,0.021093,-0.0088779,0.03914,-0.022091
0.011747,-0.019191,0.024316,-0.04465,0.031406,-0.021446
0.011747,-0.021124,0.014648,-0.038204,0.026572,-0.021769
0.0072355,-0.028859,0.0053019,-0.073009,0.013359,-0.025958
0.0046573,-0.033048,-0.00049895,-0.034982,-0.0082334,-0.032404
0.0056242,-0.028214,0.0014347,-0.0088779,-0.017257,-0.028859
0.0062687,-0.022735,0.033017,-0.10234,-0.017257,-0.029181
0.0088468,-0.021446,0.023349,-0.14455,-0.022091,-0.029825
0.0088468,-0.019835,0.023027,-0.044327,0.017548,-0.025636
0.018515,-0.014357,0.03205,0.066211,0.083935,-0.018546
0.020126,-0.015646,0.028183,0.15967,0.057187,-0.020157
0.014325,-0.018224,0.02206,0.078779,0.038818,-0.02338
0.0059464,-0.019513,0.020771,-0.048839,0.031728,-0.024669
-0.00017668,-0.022091,0.014648,-0.1033,-0.010489,-0.03337
-0.001788,-0.024347,0.016259,-0.0037216,-0.020802,-0.034982
0.0011124,-0.029503,0.0020792,0.010458,0.0024015,-0.034982
0.014003,-0.023058,0.0017569,0.00014558,0.048808,-0.027247
0.021415,-0.01629,0.037851,0.018193,0.096826,-0.011456
0.015614,-0.019513,0.023027,-0.0014658,0.082969,-0.012423
0.011103,-0.022091,0.01497,-0.04046,0.039785,-0.020157
0.01078,-0.022735,0.015614,0.06331,0.048808,-0.018546
0.003046,-0.020802,0.015614,-0.017257,0.059121,-0.022091
-0.00017668,-0.024025,0.016259,-0.09009,0.010458,-0.029181
0.0024015,-0.024991,0.012392,-0.045617,-0.0030771,-0.029503
0.011747,-0.02338,0.013681,0.023671,0.006591,-0.026603
0.022704,-0.024669,0.013036,-0.0062998,0.0072355,-0.028214
0.024638,-0.022091,0.014648,-0.032404,-0.001788,-0.028214
0.023993,-0.02338,0.012714,-0.024669,-0.0037216,-0.026603
0.022382,-0.022735,0.019804,-0.039171,0.0056242,-0.02338
0.02206,-0.020802,0.012714,-0.031759,0.011425,-0.024669
0.013036,-0.026925,-0.014357,-0.022735,0.013359,-0.02757
0.0046573,-0.020157,0.026894,-0.015001,0.0069132,-0.028859
0.0033683,-0.021446,0.020126,-0.0021103,0.014325,-0.02757
0.0069132,-0.022413,0.0043351,-0.01339,0.023671,-0.033693
0.013359,-0.024991,0.016581,-0.040783,0.016904,-0.03337
0.013359,-0.02628,0.006591,-0.091701,0.0094914,-0.026925
0.015292,-0.02338,0.013681,-0.054318,-0.005333,-0.031114
0.012392,-0.020157,0.012714,0.065566,-0.0066221,-0.036915
0.006591,-0.020157,0.011103,0.031406,0.0082023,-0.030792
0.0075578,-0.025314,0.029794,-0.11362,0.014003,-0.030148
0.0075578,-0.026603,-0.0011435,-0.12006,0.016904,-0.028214
0.0059464,-0.025958,-0.001788,-0.060763,0.010136,-0.027892
0.0049796,-0.022413,0.037851,0.044296,0.023349,-0.023702
0.0098136,-0.015646,0.037206,0.072978,0.059443,-0.01629
0.0049796,-0.022091,0.023671,0.1023,0.04333,-0.024347
0.0024015,-0.02628,0.019482,0.052031,0.02206,-0.031437
0.00788,-0.02338,0.014325,0.028827,0.018515,-0.030792
0.0094914,-0.020157,0.00788,0.010136,0.027538,-0.026925
0.013359,-0.019191,0.043007,-0.15358,0.032372,-0.021446
0.014003,-0.020157,0.030117,-0.12941,0.077168,-0.012745
0.014325,-0.023702,-0.001788,-0.034982,0.05622,-0.019191
0.0098136,-0.021124,0.023671,0.14613,0.031083,-0.02628
0.00788,-0.023702,0.020126,0.16257,0.035595,-0.022735
0.003046,-0.02757,0.0011124,0.0020792,0.0088468,-0.027892
0.0040128,-0.029181,-0.0088779,-0.11458,-0.022413,-0.034337
0.0082023,-0.028214,0.00046785,-0.29344,-0.031759,-0.031114
0.010458,-0.023702,0.030761,-0.13134,-0.0024326,-0.025636
0.021093,-0.013067,0.038818,0.30082,0.074267,-0.011134
0.016259,-0.017579,0.0062687,0.041718,0.061054,-0.018546
0.015292,-0.021769,0.040429,-0.088478,0.020126,-0.024669
0.0098136,-0.019191,0.03624,0.0011124,0.038818,-0.026603
0.0053019,-0.021769,0.0088468,-0.025958,0.027538,-0.030148
0.00788,-0.023702,0.010458,-0.034982,-0.011778,-0.029181
0.011425,-0.023702,0.0088468,-0.062052,-0.025314,-0.028214
0.015937,-0.024669,0.0091691,-0.07591,0.017548,-0.024669
0.016581,-0.029825,0.0088468,-0.044972,0.062343,-0.02338
0.0062687,-0.035304,0.0040128,0.049453,0.017226,-0.032081
0.0049796,-0.032081,0.0017569,0.090703,0.021093,-0.034337
0.0072355,-0.022413,0.020771,0.016581,0.03624,-0.032081
0.011747,-0.019513,0.015937,0.014648,0.068144,-0.024669
0.01497,-0.012745,0.021415,-0.11716,0.057187,-0.019513
0.011425,-0.012423,0.031083,-0.13617,0.029794,-0.024347
0.011747,-0.02048,0.025283,0.0072355,0.0069132,-0.023058
0.015614,-0.016935,0.020449,0.044296,0.018193,-0.02048
0.013359,-0.021124,0.0082023,0.027216,0.035917,-0.02048
0.011103,-0.021124,-0.022091,-0.023702,0.017226,-0.025314
0.0053019,-0.024991,0.012392,-0.016935,0.0091691,-0.030148
0.0020792,-0.024669,0.046552,-0.034015,-0.00049895,-0.035304
0.0033683,-0.027247,0.012392,-0.022091,-0.0066221,-0.035626
0.006591,-0.024991,-0.0088779,-0.078166,-0.02338,-0.03337
0.0043351,-0.025314,-0.0024326,-0.092023,-0.058185,-0.03337
0.017226,-0.01339,0.053964,-0.015646,-0.055607,-0.020157
0.018193,-0.016935,0.013681,-0.023702,-0.012745,-0.015968
0.01207,-0.022735,0.026894,-0.084611,0.064277,-0.019191
0.014003,-0.017257,0.032695,-0.021769,0.088769,-0.020802
0.014325,-0.02048,0.026249,0.03914,0.064277,-0.023702
0.01207,-0.022413,0.021738,0.016904,0.048164,-0.023702
0.014325,-0.021769,0.01207,-0.001788,0.049775,-0.02338
0.012714,-0.024025,0.010136,-0.015968,0.035273,-0.031114
0.012392,-0.024991,0.0027237,-0.079777,0.0062687,-0.031114
0.013036,-0.022735,-0.00017668,-0.017901,0.0098136,-0.027892
0.013036,-0.027892,0.021093,0.0033683,0.017226,-0.027892
0.01078,-0.025958,0.023671,-0.013067,0.021738,-0.022091
0.0098136,-0.019513,0.021093,0.11842,0.03914,-0.017901
0.0075578,-0.02628,0.023993,0.062343,0.050097,-0.023702
0.0059464,-0.021124,0.0040128,-0.057863,0.020771,-0.031114
0.0033683,-0.02338,-0.010489,-0.043038,-0.001788,-0.032726
0.0024015,-0.028214,0.0075578,-0.053029,-0.016935,-0.033048
0.003046,-0.027247,0.030439,-0.074621,-0.052062,-0.04046
-0.00017668,-0.027892,0.017548,-0.014034,-0.078488,-0.041105
0.0085246,-0.025958,0.021738,0.003046,-0.034337,-0.033048
0.017226,-0.021124,0.019804,-0.15551,0.055254,-0.011456
0.019482,-0.017257,0.016904,-0.036593,0.14871,-0.0056553
0.017226,-0.015968,0.045908,0.17836,0.16611,-0.010812
0.021415,-0.011134,0.040751,0.10972,0.12519,-0.013712
0.014325,-0.023058,0.0049796,0.0053019,0.073301,-0.022735
0.00788,-0.029825,-0.013067,-0.082355,0.017548,-0.029181
0.0059464,-0.033048,-0.036915,0.0040128,0.013681,-0.033048
0.0072355,-0.024991,0.041718,0.062343,0.018515,-0.033048
0.013359,-0.016612,0.063633,-0.048517,-0.0075889,-0.027892
0.013036,-0.019835,0.025283,-0.22673,-0.037238,-0.027247
0.010136,-0.020802,-0.0062998,-0.16421,-0.038204,-0.02757
0.012392,-0.019513,0.017548,0.054931,-0.0027548,-0.023702
0.011103,-0.021124,0.023349,0.2093,0.050742,-0.022091
0.010136,-0.020802,0.0059464,0.041718,0.037206,-0.024669
0.011103,-0.021446,0.01078,-0.035626,0.0020792,-0.027247
0.0085246,-0.021769,0.012392,-0.024025,0.011425,-0.02757
0.0062687,-0.024347,0.01078,-0.032081,0.023993,-0.028859
0.006591,-0.024669,0.032695,-0.049806,0.027216,-0.028214
0.012714,-0.021446,0.026572,-0.017257,0.011425,-0.027247
0.0098136,-0.028859,-0.012745,0.0094914,-0.005333,-0.032081
0.006591,-0.031437,-0.0095225,0.020771,-0.0014658,-0.033048
0.011103,-0.024669,-0.0069443,-0.037882,0.0059464,-0.029503
0.01078,-0.024991,0.029472,-0.087189,0.027216,-0.024991
0.014325,-0.015001,0.050742,-0.033048,0.047519,-0.016935
0.0094914,-0.021446,0.0011124,-0.042394,0.0049796,-0.025314
0.0085246,-0.028536,-0.016612,-0.043683,-0.001788,-0.029181
0.012392,-0.027247,0.0082023,-0.025958,0.022382,-0.025958
0.014648,-0.019513,0.068789,-0.018868,0.050097,-0.02338
0.01497,-0.017257,0.025927,-0.15809,0.047519,-0.017257
0.014003,-0.02048,0.02496,-0.09009,0.023993,-0.020802
0.0082023,-0.023702,0.02206,0.078779,0.0069132,-0.025958
0.0072355,-0.025958,0.01497,0.084258,0.00046785,-0.033048
0.0059464,-0.023702,0.023349,0.011103,-0.0014658,-0.028214
0.006591,-0.024025,0.0033683,-0.025958,-0.0072666,-0.032404
0.01078,-0.024025,0.011425,-0.019191,0.0098136,-0.027892
0.013681,-0.021124,0.017226,-0.043038,0.033662,-0.02338
0.014003,-0.018868,0.02206,0.0017569,0.052031,-0.022735
0.016259,-0.021124,0.019482,0.029472,0.02915,-0.024347
0.013036,-0.022413,0.013681,-0.077199,-0.0014658,-0.029181
0.013681,-0.021124,0.014325,-0.060441,0.032372,-0.024991
0.01078,-0.022091,0.0094914,-0.0014658,0.013036,-0.028214
0.0056242,-0.022735,0.006591,0.025605,-0.022413,-0.030792
0.00788,-0.023702,0.0075578,0.0053019,0.048808,-0.029825
0.0062687,-0.023058,0.016904,-0.046906,0.052998,-0.029181
0.0094914,-0.022091,0.027216,0.046875,0.012714,-0.022091
0.014648,-0.021769,0.023993,-0.01339,0.019159,-0.021124
0.012392,-0.023702,0.016581,-0.010167,0.033662,-0.024347
0.00788,-0.020802,0.011747,0.052675,0.021415,-0.029181
0.01078,-0.020157,0.019482,-0.033693,-0.015646,-0.029503
0.0062687,-0.023702,0.0036905,-0.16002,0.0091691,-0.031114
0.0062687,-0.024025,0.00046785,-0.13811,0.036884,-0.027892
0.0088468,-0.022735,0.0094914,0.00788,0.050097,-0.023058
0.013036,-0.015001,0.030117,0.091992,0.081035,-0.012745
0.015292,-0.011134,0.034628,0.15935,0.12873,-0.011456
0.0085246,-0.02048,0.020126,0.003046,0.0675,-0.019835
0.010136,-0.02338,0.017548,0.0062687,0.023671,-0.02338
0.0075578,-0.025958,0.0098136,-0.02338,-0.0066221,-0.028536
0.0049796,-0.029825,0.0091691,-0.00082122,0.00788,-0.029825
0.01078,-0.027247,0.01787,0.041718,0.034306,-0.029503
0.013359,-0.021446,0.019804,-0.011456,0.011747,-0.025958
0.015614,-0.017257,0.021738,-0.080744,0.0062687,-0.022091
0.014648,-0.018546,0.025927,-0.053996,0.00079012,-0.025636
0.00788,-0.024025,0.015937,-0.021446,-0.0072666,-0.03047
0.0088468,-0.02628,0.010458,-0.057541,0.0036905,-0.027892
0.011103,-0.022735,0.013036,-0.098469,0.003046,-0.026603
0.00788,-0.022091,0.0082023,-0.080422,0.0020792,-0.028214
0.0075578,-0.026925,0.0036905,0.02206,0.0085246,-0.028214
0.0088468,-0.029503,0.003046,0.06041,-0.00017668,-0.029825
0.0085246,-0.031437,0.00046785,-0.04755,-0.0079111,-0.030792
0.019159,-0.022735,-0.0056553,-0.086545,0.011103,-0.022735
0.018837,-0.016612,0.0027237,0.020449,0.030439,-0.017901
0.013681,-0.01339,0.073623,0.02496,0.03914,-0.024025
0.0098136,-0.02048,0.030117,0.025605,0.046875,-0.038204
0.0053019,-0.027892,0.015937,-0.040783,0.033339,-0.038204
0.0098136,-0.027247,0.035273,-0.057218,0.023671,-0.033693
0.011425,-0.029825,0.0085246,-0.026603,0.028827,-0.026925
0.0082023,-0.027892,0.01787,-0.0088779,0.020771,-0.023702
0.0085246,-0.023058,0.020449,-0.039171,0.020449,-0.03047
0.013036,-0.021124,0.018837,-0.034337,0.019159,-0.02048
0.0082023,-0.033048,-0.028214,0.047841,0.0020792,-0.025636
0.0017569,-0.038204,0.018515,-0.061408,-0.024025,-0.033048
0.0075578,-0.028859,0.0059464,-0.14745,-0.028859,-0.03337
0.0098136,-0.022735,0.0072355,-0.27507,-0.015968,-0.031759
0.011747,-0.017579,0.022704,-0.099113,0.027216,-0.019191
0.012392,-0.011456,0.018837,0.26956,0.049775,-0.017257
0.014648,-0.0092002,0.041396,0.07749,0.0027237,-0.017579
0.014325,-0.011456,0.05332,0.16225,-0.0075889,-0.022091
0.012714,-0.011778,0.027861,0.053642,0.011425,-0.022735
0.011425,-0.022735,0.014325,-0.0043662,0.088769,-0.019513
0.011425,-0.023058,0.014648,0.00014558,0.16547,-0.018546
0.010136,-0.025314,0.00788,-0.063986,0.094893,-0.022413
0.0085246,-0.028214,0.0075578,-0.066886,0.039785,-0.02628
0.013036,-0.02338,0.012714,-0.037238,0.027861,-0.026603
0.012392,-0.017257,0.018837,0.0091691,0.032372,-0.027892
0.011747,-0.020157,0.012714,0.038818,0.03205,-0.028536
0.006591,-0.025314,0.0072355,-0.034982,0.024316,-0.02757
0.0062687,-0.026603,0.01207,-0.024991,0.0014347,-0.032081
0.0091691,-0.021446,0.014325,-0.021769,-0.0011435,-0.02757
0.0088468,-0.025314,0.014648,0.0020792,-0.005333,-0.026925
0.010136,-0.027247,0.00788,0.0056242,-0.0014658,-0.027247
0.0062687,-0.025636,0.010136,-0.0079111,0.016904,-0.03047
0.0075578,-0.023702,0.014003,0.014003,0.01078,-0.03047
0.010136,-0.024669,0.015292,-0.030792,0.0069132,-0.03047
0.011425,-0.025314,0.014648,-0.092023,0.01078,-0.025636
0.012714,-0.022091,0.015614,-0.11877,0.0094914,-0.024025
0.0091691,-0.022091,0.019482,-0.09009,0.006591,-0.030792
0.011103,-0.022413,0.014325,-0.045617,0.0049796,-0.024991
0.011425,-0.022735,0.0072355,0.042363,0.0053019,-0.026925
0.011747,-0.022413,0.014648,0.0088468,0.0085246,-0.025636
0.016904,-0.021446,0.019804,-0.01629,0.020449,-0.020802
0.012392,-0.021446,0.016581,0.014003,0.034951,-0.020157
0.013036,-0.017901,0.025605,0.020449,0.033662,-0.021124
0.011103,-0.022091,0.019804,-0.0056553,0.0069132,-0.024025
0.0098136,-0.021769,0.020771,-0.052062,0.0053019,-0.024669
0.012714,-0.021769,0.01497,-0.052384,0.02206,-0.024025
0.012392,-0.023702,0.011103,-0.011778,0.024638,-0.024347
0.015292,-0.022091,0.014003,0.0098136,0.035595,-0.024991
0.016259,-0.022413,0.019804,-0.014679,0.032695,-0.025314
0.011425,-0.022091,0.0059464,-0.047872,-0.0033994,-0.029825
0.006591,-0.02757,0.00046785,-0.07591,0.0069132,-0.035949
0.00788,-0.028859,0.040107,-0.1149,0.026572,-0.030148
0.015937,-0.019513,0.040429,0.012714,0.05332,-0.018224
0.01787,-0.019191,0.0040128,0.14742,0.064277,-0.017901
0.01207,-0.023702,0.0072355,0.034628,0.046552,-0.02338
0.0094914,-0.017257,0.043974,-0.015001,0.021093,-0.030792
0.0088468,-0.021124,0.013359,-0.063986,0.0027237,-0.031437
0.00788,-0.024991,0.00788,-0.1626,-0.019835,-0.03337
0.0069132,-0.023058,0.015614,-0.13779,-0.0079111,-0.031114
0.0069132,-0.018546,0.02206,0.00079012,0.019804,-0.028214
0.01078,-0.017901,0.023349,0.20253,0.062021,-0.02338
0.0075578,-0.022091,0.010458,0.15,0.071689,-0.025314
0.010458,-0.022413,0.010136,-0.049484,0.043652,-0.028859
0.011103,-0.021769,0.017548,0.027538,0.029472,-0.026925
0.0072355,-0.025314,0.011103,-0.016935,0.015614,-0.029181
0.0036905,-0.02628,0.018515,0.026894,0.013359,-0.029503
0.0049796,-0.025314,0.01497,0.01207,0.01207,-0.029825
0.0082023,-0.02338,0.012714,-0.1178,-0.0011435,-0.029825
0.01207,-0.023058,0.010458,-0.15164,-0.0043662,-0.025314
0.013359,-0.025636,0.0098136,-0.079455,0.0040128,-0.024347
0.0085246,-0.02757,0.012392,0.087803,0.011425,-0.028859
0.006591,-0.027247,0.0085246,-0.027247,0.022704,-0.029181
0.00788,-0.02628,0.0040128,-0.03047,0.023671,-0.029825
0.011747,-0.025636,0.011103,0.034951,0.021093,-0.026603
0.013681,-0.02048,0.022382,0.11938,0.031406,-0.021446
0.010136,-0.021769,0.023027,0.021738,0.037206,-0.022413
0.012392,-0.018224,0.020449,-0.094924,0.031083,-0.018224
0.015292,-0.015323,0.018193,-0.22319,-0.0033994,-0.015323
0.011425,-0.020157,0.018193,-0.15519,-0.027892,-0.021769
0.015614,-0.016935,0.022704,-0.043038,-0.014357,-0.021124
0.019482,-0.015968,0.027216,0.17675,0.018193,-0.016935
0.014648,-0.020157,0.035273,0.025927,0.03914,-0.019835
0.0091691,-0.025314,0.015292,-0.070431,0.057509,-0.023058
0.01078,-0.020802,0.019804,0.018837,0.059765,-0.023058
0.010458,-0.016935,0.024638,0.046552,0.088447,-0.02048
0.01078,-0.020802,0.018837,0.019482,0.068467,-0.02628
0.0072355,-0.025958,0.012714,-0.023702,0.0098136,-0.033693
0.0098136,-0.023702,0.012714,-0.042072,0.011103,-0.030148
0.01078,-0.021446,0.01497,-0.038849,0.019482,-0.031437
0.012714,-0.027892,0.0088468,-0.0030771,0.021415,-0.033048
0.015292,-0.024669,0.003046,0.00046785,0.019482,-0.02628
0.006591,-0.031437,-0.016935,-0.071076,0.0033683,-0.028536
0.0040128,-0.025958,0.029472,-0.041427,0.0014347,-0.031114
0.0046573,-0.021769,0.020449,-0.034015,0.0075578,-0.032081
0.0062687,-0.024347,0.0056242,-0.11458,-0.0014658,-0.027892
0.0094914,-0.016935,0.033339,-0.0082334,0.00046785,-0.028214
0.011103,-0.018868,0.033984,0.025605,0.014003,-0.021124
0.0085246,-0.025636,0.0053019,0.0088468,0.02915,-0.024025
0.010136,-0.028536,0.020126,0.075556,0.034628,-0.027892
0.011103,-0.024347,0.0088468,-0.0095225,0.015937,-0.026603
0.014003,-0.020157,0.011103,0.0033683,0.010136,-0.022413
0.0091691,-0.018546,0.019159,-0.015001,0.031083,-0.023702
0.0075578,-0.02338,0.0011124,-0.010489,0.044941,-0.027247
0.00788,-0.027247,0.021415,-0.022091,0.045263,-0.028536
0.006591,-0.028214,0.017226,-0.028536,0.033339,-0.030148
0.0072355,-0.028859,-0.0095225,-0.032081,0.0043351,-0.035626
0.0053019,-0.028536,0.025605,-0.11362,-0.023058,-0.03756
0.0091691,-0.023058,0.016581,-0.015001,-0.011778,-0.028536
0.015292,-0.019191,0.019482,0.065244,0.018193,-0.020157
0.019159,-0.015646,0.026894,-0.0069443,0.045908,-0.012101
0.016259,-0.01629,0.027538,-0.063019,0.044941,-0.015323
0.018193,-0.017901,0.023027,-0.12006,0.024638,-0.020802
0.014325,-0.020157,0.013681,-0.063664,0.014648,-0.025314
0.014325,-0.021769,0.014648,0.054609,0.015292,-0.026603
0.013681,-0.02338,0.012392,0.069111,0.010458,-0.02338
0.014003,-0.024669,0.014003,-0.021769,-0.00082122,-0.027892
0.012714,-0.022735,0.018515,0.027861,0.0046573,-0.027892
0.0088468,-0.02628,0.010136,-0.0062998,0.026894,-0.02757
0.0046573,-0.024991,0.0069132,-0.067209,0.031406,-0.032081
0.003046,-0.027892,0.0098136,-0.018546,0.025927,-0.03337
0.0091691,-0.023058,0.011103,0.0088468,0.023027,-0.025958
0.018193,-0.020802,0.021738,0.031728,0.029794,-0.022091
0.015614,-0.024347,0.025605,0.025927,0.039462,-0.024347
0.011103,-0.021124,0.018837,0.00014558,0.014003,-0.024991
0.013681,-0.018546,0.010458,-0.098469,-0.0011435,-0.025636
0.013681,-0.022413,0.010458,-0.085256,0.023993,-0.023702
0.0082023,-0.022735,0.020449,-0.014034,0.021093,-0.023058
0.0085246,-0.021124,0.015614,0.043652,-0.0098447,-0.025314
0.0053019,-0.021446,0.016581,0.0069132,0.047197,-0.027247
-0.00082122,-0.023702,0.013359,-0.052384,0.061054,-0.040138
0.0011124,-0.026603,0.010458,-0.00017668,0.049775,-0.035304
0.0027237,-0.029503,0.0088468,0.053642,0.019159,-0.031759
0.0033683,-0.02628,0.0072355,-0.042716,0.016581,-0.034015
0.006591,-0.023702,0.014003,-0.17291,-0.0082334,-0.024991
0.016904,-0.018868,0.031083,-0.019835,0.015292,-0.01629
0.021738,-0.013712,0.035595,0.043007,0.085225,-0.0059775
0.015292,-0.014034,0.02915,-0.0088779,0.057187,-0.013067
0.0088468,-0.019835,0.022704,0.025283,0.04913,-0.022091
0.015937,-0.021124,0.015292,0.016581,0.029472,-0.024991
0.013681,-0.02338,0.016259,-0.0062998,-0.001788,-0.02628
0.011425,-0.024669,0.012392,-0.02757,-0.0088779,-0.026925
0.0091691,-0.025636,0.010136,-0.005333,-0.010489,-0.02757
0.0049796,-0.02628,0.0040128,-0.0024326,0.026894,-0.025958
0.00079012,-0.025958,0.00014558,-0.015968,0.046875,-0.031759
0.0036905,-0.025314,0.0062687,-0.022413,0.03205,-0.032081
0.01207,-0.018868,0.012714,-0.025636,0.043007,-0.021769
0.018837,-0.018224,0.0011124,-0.034982,0.035595,-0.019835
0.0094914,-0.023058,0.040751,-0.023702,0.0075578,-0.033048
0.0085246,-0.021769,0.037851,-0.019513,0.013359,-0.030148
0.011103,-0.02338,0.02206,-0.011778,0.024316,-0.025636
0.013036,-0.021769,0.023671,-0.017579,0.029472,-0.022413
0.011103,-0.024991,0.01207,-0.055607,0.014325,-0.025636
0.0059464,-0.025314,0.011747,-0.045939,0.00788,-0.029825
0.0069132,-0.023702,0.013036,0.042685,0.017548,-0.025636
0.01078,-0.019835,0.014325,0.0036905,0.0049796,-0.028536
0.012714,-0.02048,0.011425,-0.088156,0.0011124,-0.027892
0.013036,-0.022413,0.01207,-0.090734,0.0014347,-0.026603
0.010458,-0.025958,0.014325,-0.051417,-0.0085557,-0.028859
0.01207,-0.025958,0.013036,-0.0098447,0.02496,-0.021769
0.01078,-0.023058,0.011425,-0.020157,0.029472,-0.02338
0.014003,-0.018868,0.026572,0.015292,0.01207,-0.02338
0.011747,-0.022413,0.020771,-0.022413,0.0049796,-0.027247
0.0088468,-0.023702,0.015614,-0.11136,-0.014679,-0.032404
0.0082023,-0.021124,0.019804,-0.12103,-0.011456,-0.027892
0.0085246,-0.02757,0.015937,-0.03756,0.015614,-0.027892
0.01207,-0.027892,0.024316,0.16837,0.048164,-0.023058
0.013036,-0.02338,0.021093,0.26279,0.076201,-0.021769
0.01078,-0.016935,0.0098136,0.040751,0.067177,-0.025636
0.012392,-0.022735,0.0056242,-0.0082334,0.03205,-0.028859
0.013359,-0.02628,0.029794,-0.0011435,0.029472,-0.028214
0.0098136,-0.022735,0.017548,-0.036271,0.029472,-0.024991
0.006591,-0.023702,0.00014558,-0.0011435,0.026249,-0.028859
0.006591,-0.024025,0.023027,0.0094914,0.018193,-0.027247
0.01078,-0.019835,0.0088468,-0.033048,0.012714,-0.022091
0.015614,-0.014679,0.01787,-0.11942,0.0069132,-0.024025
0.014325,-0.017579,0.027216,-0.094601,0.016904,-0.027892
0.014648,-0.020802,0.024316,-0.014679,0.017548,-0.030792
0.011425,-0.022735,0.0075578,-0.032081,0.011747,-0.032404
0.0075578,-0.022413,0.010458,-0.036915,0.024316,-0.028859
0.011747,-0.023058,0.014648,-0.055285,0.00788,-0.024025
0.01078,-0.020802,0.015614,-0.042716,-0.018224,-0.029503
0.010136,-0.025636,0.013036,-0.063019,-0.0085557,-0.025636
0.011103,-0.02338,0.011425,-0.0059775,0.0024015,-0.021124
0.012714,-0.019191,0.010458,-0.027247,0.023671,-0.02048
0.011747,-0.023058,0.0014347,-0.031759,0.046552,-0.019513
0.0088468,-0.024991,0.028505,-0.071076,0.056865,-0.024025
0.01078,-0.022091,0.037529,-0.015323,0.035917,-0.028536
0.0091691,-0.018868,0.035595,0.071367,0.0088468,-0.034015
0.014003,-0.021769,0.02206,0.041396,0.025927,-0.031437
0.016259,-0.025636,0.01078,-0.038204,0.034951,-0.027247
0.0088468,-0.024991,0.014325,-0.052384,0.048808,-0.025636
0.010458,-0.023702,0.011425,-0.025314,0.058476,-0.028214
0.00788,-0.023058,0.0062687,-0.016612,0.02496,-0.031114
0.0027237,-0.02338,0.01207,-0.040783,-0.022091,-0.031759
0.0062687,-0.022735,0.019804,-0.00049895,-0.00049895,-0.025314
0.0091691,-0.018546,0.019804,0.055254,0.038173,-0.022413
0.010458,-0.021446,0.013359,-0.0079111,0.057509,-0.022735
0.011747,-0.021769,0.016904,0.061377,0.05622,-0.021769
0.012392,-0.022735,0.014325,0.057187,0.06331,-0.023058
0.011425,-0.024025,0.019804,0.059765,0.041396,-0.028859
0.0088468,-0.02338,0.0098136,0.0059464,0.014325,-0.026603
0.0085246,-0.024025,0.01078,-0.032726,0.0053019,-0.026925
0.0069132,-0.025636,0.01497,-0.012423,-0.00017668,-0.033048
0.0075578,-0.025636,0.01078,0.050742,0.01078,-0.02757
0.013359,-0.021124,0.0027237,-0.036593,0.010458,-0.020157
0.017226,-0.01629,0.031728,-0.11394,0.015937,-0.021446
0.017548,-0.018546,0.044296,-0.12199,0.01207,-0.021124
0.01078,-0.024347,0.0043351,-0.15003,0.00079012,-0.023058
0.0088468,-0.02757,0.0011124,-0.14842,-0.010489,-0.027892
0.013681,-0.019191,0.010136,0.056543,0.019159,-0.022735
0.01207,-0.017257,0.027216,0.13066,0.024638,-0.025314
0.01078,-0.021769,0.028183,-0.062052,-0.014679,-0.032404
0.013359,-0.024669,0.011103,-0.02757,-0.0085557,-0.026603
0.012714,-0.019191,0.020449,-0.046261,0.064599,-0.015001
0.011425,-0.019835,0.02496,-0.014034,0.06041,-0.022413
0.013036,-0.021124,0.018837,0.036562,0.033662,-0.027247
0.011103,-0.023702,0.01207,-0.0033994,0.030761,-0.024669
0.013359,-0.027247,0.011425,0.0024015,0.032695,-0.024025
0.0094914,-0.022735,0.011747,0.0075578,0.019159,-0.02628
0.0082023,-0.023058,0.011103,-0.014034,0.014003,-0.026603
0.0091691,-0.02338,0.010136,-0.058507,0.020126,-0.02628
0.0091691,-0.02338,0.012392,-0.049484,0.016259,-0.027247
0.0069132,-0.027247,0.018837,-0.052384,0.0056242,-0.03337
0.0046573,-0.025636,0.016904,-0.033048,-0.0024326,-0.034659
0.0040128,-0.027247,0.0062687,-0.04046,-0.00082122,-0.03756
0.00079012,-0.026603,0.006591,-0.087511,0.012392,-0.03047
0.00014558,-0.022735,0.021738,-0.0072666,0.024638,-0.024669
0.0091691,-0.019835,0.02496,0.085547,0.01207,-0.023702
0.015937,-0.020802,0.015937,-0.014034,0.0069132,-0.022735
0.012392,-0.021769,0.015614,0.015937,0.018193,-0.02628
0.01078,-0.022735,0.019804,0.10746,0.011747,-0.023058
0.01078,-0.021124,0.019159,-0.033048,0.0098136,-0.023058
0.0072355,-0.02048,0.014003,-0.015968,0.040107,-0.026925
0.0072355,-0.022091,0.0043351,0.018837,0.062666,-0.029181
0.0098136,-0.022413,0.018837,0.0024015,0.054931,-0.027247
0.011425,-0.023058,0.04333,-0.029503,0.042041,-0.02757
0.014325,-0.021446,0.019804,0.00079012,0.033339,-0.020157
0.015614,-0.02338,0.015937,-0.060763,0.039785,-0.02048
0.014003,-0.024669,0.01497,-0.072365,0.020126,-0.024991
0.011425,-0.021446,0.015614,-0.0014658,0.010458,-0.025314
0.016581,-0.021124,0.021415,0.019482,0.012392,-0.022413
0.016904,-0.019513,-0.0088779,-0.022413,0.01787,-0.019191
0.0091691,-0.028536,-0.037238,-0.030792,0.020449,-0.02338
0.0040128,-0.02338,0.076523,-0.018546,0.013681,-0.031759
0.00788,-0.024025,0.018193,-0.034337,0.01787,-0.031759
0.010136,-0.026925,0.01497,-0.099758,0.023349,-0.031437
0.01207,-0.022091,0.017548,-0.045294,0.023349,-0.02757
0.018193,-0.02338,0.018837,-0.0095225,0.0088468,-0.025636
0.018515,-0.021769,0.024316,0.023993,0.0024015,-0.022413
0.012714,-0.02338,0.0059464,-0.02048,-0.0075889,-0.025636
0.018515,-0.021124,0.0014347,-0.030792,0.020126,-0.019513
0.017548,-0.021769,0.018515,-0.0056553,0.072978,-0.019835
0.013036,-0.022091,0.022382,0.0085246,0.054931,-0.026603
0.0069132,-0.022091,0.015937,0.006591,0.027216,-0.027892
0.003046,-0.022413,0.016581,-0.010489,0.015292,-0.029503
0.0014347,-0.021124,0.019804,-0.043361,0.01207,-0.02757
0.0036905,-0.024669,0.01078,-0.07172,0.013681,-0.032404
0.0072355,-0.028859,-0.011456,-0.035626,0.013036,-0.03337
0.0072355,-0.02628,0.017548,0.011425,0.027538,-0.031114
0.010136,-0.020802,0.031406,0.032695,0.033662,-0.025958
0.0085246,-0.019191,-0.0046884,0.052675,0.032372,-0.018546
0.0098136,-0.024991,-0.018224,0.00788,0.037851,-0.018868
0.0098136,-0.030792,0.033017,-0.086222,0.019804,-0.026925
0.014648,-0.022413,0.039785,-0.0859,-0.019191,-0.031437
0.018515,-0.022413,0.037851,-0.035949,-0.011456,-0.027247
0.018837,-0.017579,0.034306,0.04623,0.022382,-0.024347
0.014648,-0.015968,0.027861,0.087158,0.038496,-0.014357
0.0082023,-0.019191,0.018515,-0.0062998,0.038818,-0.021769
0.0085246,-0.018868,0.017548,-0.042394,0.02496,-0.027892
0.01078,-0.018868,0.019482,-0.036593,0.023671,-0.02338
0.006591,-0.01629,0.021415,-0.043038,0.013681,-0.02628
0.0072355,-0.024669,0.014325,-0.041105,0.0094914,-0.033693
0.0072355,-0.028536,0.01078,-0.019513,0.0075578,-0.029503
0.0062687,-0.02628,0.016581,0.023671,0.026894,-0.027892
0.01078,-0.022413,0.016259,-0.014357,0.047519,-0.027247
0.011103,-0.023702,0.0040128,-0.085256,0.025283,-0.02757
0.0072355,-0.028536,-0.0033994,-0.081066,0.012392,-0.029825
0.0072355,-0.023702,0.0033683,-0.070431,0.021093,-0.026925
0.0088468,-0.021446,0.014325,-0.063664,0.025605,-0.02338
0.011103,-0.018224,0.021738,0.11391,0.034306,-0.024669
0.015292,-0.02048,0.015292,0.11487,0.01787,-0.024991
0.017226,-0.021769,0.018837,-0.050773,-0.026603,-0.021446
0.014325,-0.018546,0.025283,0.0036905,-0.0085557,-0.020157
0.0091691,-0.023058,0.013681,-0.0072666,0.021415,-0.027247
0.00788,-0.025314,0.0056242,-0.02628,0.043652,-0.03756
0.010458,-0.021769,0.013359,-0.053029,0.044941,-0.034659
0.012714,-0.017579,0.023671,-0.047228,0.023671,-0.029181
0.0094914,-0.022735,0.019482,0.03624,0.019159,-0.018546
0.0098136,-0.023702,0.013036,0.0020792,-0.0014658,-0.023058
0.010136,-0.021124,0.018837,-0.12264,0.00079012,-0.024347
0.0091691,-0.025958,0.012714,-0.091701,0.030439,-0.024669
0.0075578,-0.027247,0.011747,0.03205,0.057509,-0.025958
0.011103,-0.021446,0.027538,-0.0085557,0.063633,-0.019835
0.011103,-0.020802,0.019159,-0.0092002,0.036884,-0.02628
0.01207,-0.018224,0.016581,-0.011456,0.024638,-0.025314
0.011747,-0.021769,0.013681,-0.069142,0.019159,-0.022413
0.01078,-0.022735,0.01207,-0.051417,0.040429,-0.021769
0.0098136,-0.024991,0.0085246,0.021093,0.033017,-0.025314
0.011103,-0.022413,0.015614,-0.00017668,0.020126,-0.024669
0.014325,-0.018224,0.028827,0.085225,0.021738,-0.022735
0.012392,-0.019835,0.0020792,0.055254,0.02496,-0.024347
0.0098136,-0.024347,0.013359,0.00046785,0.018193,-0.02628
0.00788,-0.02628,0.029472,-0.018868,0.0033683,-0.032081
0.0091691,-0.024669,0.0088468,-0.019513,0.003046,-0.031437
0.011425,-0.022735,0.017226,-0.045294,0.0085246,-0.028214
0.011747,-0.020802,0.023349,-0.038204,0.0014347,-0.02628
0.011425,-0.022091,0.019159,-0.00017668,0.0091691,-0.027892
0.010136,-0.023058,0.018515,-0.017257,0.013036,-0.029503
0.0072355,-0.025314,0.021093,-0.014034,-0.0024326,-0.030148
0.0072355,-0.024347,0.021415,0.0020792,-0.0082334,-0.031114
0.010458,-0.024347,0.013036,-0.044327,-0.0085557,-0.026925
0.0094914,-0.024347,0.0082023,-0.10588,0.015292,-0.023702
0.0094914,-0.024347,0.017226,-0.055929,0.056865,-0.024991
0.010136,-0.025636,0.0094914,-0.10427,0.045585,-0.028214
0.01078,-0.021769,0.0088468,-0.15744,0.00079012,-0.031114
0.0088468,-0.021446,0.015292,0.058476,0.0091691,-0.03047
0.011425,-0.022091,0.021738,0.11874,0.030439,-0.023702
0.015292,-0.018546,0.028827,0.12067,0.052353,-0.019191
0.011103,-0.021446,0.016259,0.07749,0.049775,-0.022413
0.0085246,-0.028859,0.0085246,0.0049796,0.037851,-0.025636
0.0062687,-0.029503,0.0043351,0.044296,0.025927,-0.029181
0.0082023,-0.026925,0.011103,-0.095568,0.01787,-0.02757
0.011103,-0.022413,0.013359,-0.14326,0.016259,-0.022091
0.013359,-0.021124,0.011747,-0.07172,-0.0059775,-0.023058
0.018837,-0.018546,0.021738,-0.024347,0.0072355,-0.022413
0.020771,-0.012745,0.034951,0.043974,0.04333,-0.017579
0.012714,-0.02048,0.021093,0.071689,0.051064,-0.024025
0.010458,-0.025958,0.011425,0.023671,0.055576,-0.02757
0.01207,-0.021446,0.021093,-0.022413,0.043974,-0.02628
0.010458,-0.019513,0.030117,-0.04755,0.017226,-0.02757
0.00788,-0.025636,-0.011778,-0.12457,0.01787,-0.028214
0.0072355,-0.022413,0.01787,-0.10846,-0.0088779,-0.029181
0.010458,-0.022091,0.023993,-0.066242,0.0014347,-0.028859
0.0098136,-0.022735,0.018837,0.10972,0.04913,-0.026603
0.0094914,-0.023058,0.013359,0.10778,0.051064,-0.027247
0.010458,-0.024991,0.012714,-0.028536,0.035917,-0.025958
0.013359,-0.018546,0.032695,-0.036915,0.029472,-0.021769
0.011103,-0.016935,0.017226,0.0059464,0.020771,-0.024991
0.00788,-0.02338,0.0082023,-0.0069443,0.015614,-0.030148
0.0091691,-0.022735,0.0091691,-0.036593,0.0062687,-0.029503
0.0098136,-0.022735,0.0040128,-0.043683,0.020771,-0.028536
0.011747,-0.02338,-0.012745,0.018515,0.019482,-0.02628
0.011103,-0.024025,0.027216,-0.032404,0.0024015,-0.031114
0.0059464,-0.026603,0.050419,-0.061085,0.00046785,-0.031437
0.0091691,-0.025314,0.014325,-0.042394,0.0040128,-0.028214
0.0094914,-0.024025,0.021415,-0.012423,0.0024015,-0.030148
0.0091691,-0.02048,0.015937,-0.0088779,0.023671,-0.023702
0.01207,-0.021769,0.015614,-0.030148,0.043007,-0.019191
0.011103,-0.024669,0.016904,-0.059474,0.01787,-0.020802
0.010458,-0.025314,0.021738,-0.036915,0.013036,-0.023702
0.0098136,-0.022091,0.0036905,-0.062052,-0.0037216,-0.031759
0.0085246,-0.017901,0.0014347,-0.063019,-0.018546,-0.032726
0.0098136,-0.019513,0.0094914,-0.0040439,0.0020792,-0.028859
0.0094914,-0.02338,0.016904,-0.066242,0.014325,-0.027247
0.006591,-0.025636,0.01787,-0.056574,0.012714,-0.03047
0.0082023,-0.031437,-0.0075889,-0.071076,-0.0046884,-0.030792
0.014648,-0.026603,0.016904,-0.054318,-0.020802,-0.022413
0.02496,-0.011456,0.032372,0.08168,-0.0033994,-0.014679
0.016259,-0.015646,0.019159,-0.11362,0.037851,-0.021124
0.013359,-0.012101,0.051386,0.12454,0.12551,-0.016612
0.0098136,-0.015323,0.025283,0.3482,0.1384,-0.019191
0.0040128,-0.02628,0.0085246,0.031406,0.055898,-0.025636
0.0040128,-0.025636,0.0085246,-0.021446,0.033339,-0.026925
0.012714,-0.018868,0.024638,-0.015323,0.053964,-0.018868
0.013036,-0.017901,0.02496,-0.010812,0.032695,-0.023058
0.0091691,-0.023058,0.019482,-0.063019,0.031406,-0.024991
0.013036,-0.024347,0.019804,-0.057218,0.028183,-0.023702
0.0098136,-0.030148,0.0069132,-0.052384,-0.0075889,-0.029503
0.01078,-0.032404,-0.00049895,-0.036915,-0.018224,-0.028859
0.0075578,-0.02757,0.011747,-0.0088779,-0.010812,-0.03047
0.0094914,-0.019513,0.02496,-0.077199,0.0059464,-0.030792
0.010136,-0.021769,0.003046,-0.080744,-0.0088779,-0.037238
0.0046573,-0.024991,0.023027,-0.0030771,-0.00017668,-0.037238
0.010458,-0.022413,0.017548,0.042041,0.042685,-0.02757
0.0075578,-0.023702,0.015614,0.021415,0.047197,-0.031759
0.0072355,-0.024025,0.014325,-0.0075889,0.044941,-0.031114
0.010136,-0.021446,0.015292,-0.050128,0.047519,-0.022413
0.0088468,-0.022735,0.020449,-0.054962,-0.0030771,-0.022091
0.0082023,-0.027247,0.0075578,-0.0079111,-0.025314,-0.025636
0.01078,-0.027247,0.0049796,0.075879,-0.00017668,-0.021446
0.010458,-0.019835,0.016259,-0.0027548,0.017548,-0.019191
0.016259,-0.017579,0.022704,-0.12973,0.042685,-0.017257
0.017226,-0.020802,0.018837,-0.069464,0.04333,-0.020157
0.011425,-0.020157,0.010458,-0.024991,0.036884,-0.019835
0.01078,-0.019513,0.013359,-0.02338,0.013359,-0.022735
0.013359,-0.021446,0.016581,-0.010167,0.019482,-0.017579
0.016904,-0.020157,0.017226,-0.022413,0.039462,-0.02048
0.016581,-0.020157,0.025605,-0.04755,0.0020792,-0.031437
0.0075578,-0.024991,0.010136,-0.034659,-0.0082334,-0.034982
0.0085246,-0.025958,0.022704,0.028827,-0.0040439,-0.035626
0.011747,-0.024025,0.013359,0.074912,0.017548,-0.031114
0.01207,-0.022413,-0.00017668,0.040107,0.032372,-0.025314
0.0056242,-0.022091,0.017548,0.049453,0.030117,-0.026603
0.0027237,-0.025958,0.019804,-0.022735,0.043007,-0.029825
0.0088468,-0.026603,0.0040128,-0.07881,0.055576,-0.026925
0.011103,-0.024025,0.013359,-0.16615,0.033339,-0.023702
0.013036,-0.021769,0.026894,-0.14165,0.0062687,-0.019835
0.011747,-0.019513,0.023993,-0.0062998,0.0062687,-0.029503
0.013359,-0.018546,0.032695,0.15129,0.025605,-0.030148
0.011425,-0.02048,0.026249,0.050742,0.024638,-0.02757
0.010458,-0.021446,0.011747,-0.093312,0.013681,-0.028859
0.01787,-0.015968,0.0062687,-0.0043662,0.023671,-0.021124
0.014648,-0.020802,0.032372,0.060732,0.023993,-0.019513
0.0094914,-0.024347,0.025927,-0.016612,0.014325,-0.02757
0.010458,-0.024669,0.00046785,-0.10427,0.014325,-0.024669
0.0053019,-0.025314,0.0091691,-0.064953,-0.0075889,-0.028536
0.0059464,-0.023702,0.01207,-0.035626,-0.015646,-0.029181
0.011103,-0.022091,0.01787,-0.0043662,0.017226,-0.028536
0.0075578,-0.023702,0.027216,0.04913,0.038496,-0.028536
0.0082023,-0.021446,0.022382,0.088125,0.05622,-0.027892
0.010136,-0.02048,0.013681,0.054287,0.072978,-0.020157
0.010136,-0.018868,0.019482,-0.11716,0.033984,-0.017257
0.014003,-0.019835,0.038496,-0.044972,0.026249,-0.018224
0.0091691,-0.025958,-0.019191,-0.011778,0.025927,-0.025636
0.0072355,-0.022413,-0.0050107,-0.039816,0.003046,-0.031437
0.012714,-0.015001,0.033017,0.010136,0.019159,-0.027247
0.011103,-0.02048,0.016259,-0.049484,0.0033683,-0.028214
0.00788,-0.028214,0.0036905,-0.12103,-0.017257,-0.03047
0.0043351,-0.026603,0.015937,-0.052384,-0.018868,-0.032081
0.0062687,-0.02628,0.0088468,-0.016612,-0.019191,-0.029825
0.0069132,-0.027892,0.0088468,-0.11684,-0.0062998,-0.029825
0.0085246,-0.022091,0.026572,-0.02048,0.0088468,-0.026925
0.013036,-0.021446,0.022382,0.1384,0.058476,-0.02048
0.0094914,-0.025314,0.0049796,0.18029,0.12164,-0.022091
0.0085246,-0.025314,0.0082023,0.052675,0.080068,-0.027247
0.011103,-0.021769,0.019482,0.021738,0.024316,-0.031437
0.014325,-0.021446,-0.0027548,-0.045939,0.01207,-0.025314
0.011747,-0.025314,-0.005333,-0.13553,0.020449,-0.02757
0.00788,-0.021446,0.046875,-0.16969,0.0098136,-0.028536
0.01207,-0.015323,0.043652,0.032695,0.026894,-0.021446
0.010458,-0.021446,0.034628,0.04333,0.014648,-0.025636
0.0075578,-0.020157,0.030761,0.0043351,0.0046573,-0.029825
0.011103,-0.025314,0.019804,-0.079777,0.030761,-0.022735
0.01497,-0.022735,0.023349,0.044296,0.05332,-0.020157
0.014325,-0.02048,0.025283,0.087158,0.052998,-0.018546
0.013681,-0.022735,0.01787,-0.072365,0.036884,-0.016935
0.012714,-0.021124,0.013036,-0.069787,0.03205,-0.018546
0.015937,-0.017901,0.01497,-0.038527,0.013036,-0.022735
0.01497,-0.018546,0.014003,0.022704,0.01497,-0.02338
0.01207,-0.021446,-0.0040439,-0.014679,0.0033683,-0.030792
0.0094914,-0.021446,0.020449,-0.032081,-0.00049895,-0.033048
0.0062687,-0.022735,0.021415,-0.053351,0.0088468,-0.033693
0.011747,-0.025958,-0.014679,-0.095568,0.01078,-0.030148
0.0091691,-0.028214,0.01078,-0.045294,0.00014558,-0.030148
0.00788,-0.024669,0.013036,-0.072365,-0.0014658,-0.028536
0.0085246,-0.02338,0.021093,0.03624,0.00079012,-0.025958
0.0053019,-0.025636,0.0094914,0.079424,0.014648,-0.027247
0.006591,-0.02757,0.00788,0.00788,0.018515,-0.029503
0.0082023,-0.02757,0.015292,-0.011456,0.011425,-0.030792
0.0082023,-0.02757,0.015292,-0.064308,0.012392,-0.033048
0.0098136,-0.02338,0.027538,-0.080422,0.035917,-0.025314
0.010136,-0.017579,0.023349,0.024638,0.023993,-0.022735
0.0091691,-0.021446,0.013036,0.05332,0.0059464,-0.030148
0.01497,-0.021124,0.00046785,0.038496,0.036884,-0.024669
0.017548,-0.016935,0.00079012,0.0085246,0.043652,-0.019191
0.013681,-0.019191,0.023027,-0.070109,0.026249,-0.025314
0.011747,-0.021124,0.021738,-0.025958,0.0091691,-0.023058
0.011425,-0.020157,0.02496,0.0075578,-0.0021103,-0.024347
0.0082023,-0.023702,0.024638,0.013036,-0.038527,-0.031759
0.012392,-0.023058,0.013036,-0.047228,0.046875,-0.024025
0.013036,-0.018868,0.022704,-0.026603,0.14903,-0.018546
0.014325,-0.021446,0.017226,-0.041427,0.045263,-0.022413
0.011425,-0.024025,0.0075578,-0.10169,0.015937,-0.026925
0.011103,-0.025314,0.0075578,-0.043683,0.039462,-0.02628
0.01207,-0.022091,0.016259,-0.048517,0.035595,-0.02757
0.0082023,-0.02048,0.019482,0.0017569,0.02915,-0.031114
0.011103,-0.020157,0.026894,0.056543,0.016259,-0.022735
0.012714,-0.021446,0.018193,0.054287,0.01078,-0.021124
0.0069132,-0.024347,0.012714,-0.064308,-0.0037216,-0.028536
0.003046,-0.02338,0.011103,-0.070109,-0.021446,-0.030792
0.0036905,-0.025636,0.0085246,-0.09718,-0.018868,-0.033048
0.0072355,-0.027247,0.00788,-0.10943,0.017226,-0.03047
0.0062687,-0.024025,0.020126,-0.029825,0.038496,-0.03047
0.0059464,-0.02628,0.0098136,0.060088,0.039785,-0.031759
0.0082023,-0.024991,0.013681,0.12454,0.063633,-0.023702
0.010458,-0.023702,0.020771,0.12196,0.051064,-0.022735
0.012392,-0.023058,0.023671,0.023349,0.015614,-0.020802
0.01497,-0.022735,0.021415,0.0062687,-0.0079111,-0.025636
0.016259,-0.018868,0.020126,-0.0040439,-0.0037216,-0.028536
0.014003,-0.019513,0.027538,0.029472,0.031406,-0.024991
0.0094914,-0.021769,0.016581,0.023349,0.031083,-0.025314
0.011103,-0.022091,0.014648,-0.046906,0.011747,-0.024025
0.0085246,-0.025314,0.016581,-0.005333,0.033984,-0.024347
0.011103,-0.021769,0.015292,-0.091056,0.042041,-0.023702
0.012714,-0.022091,0.024638,-0.067853,0.040107,-0.021769
0.012714,-0.024347,0.03624,0.00046785,0.030117,-0.024347
0.0069132,-0.027892,-0.010167,-0.01629,0.01207,-0.03047
0.0059464,-0.026925,-0.0059775,-0.061408,0.013681,-0.031437
0.013681,-0.02048,0.014325,-0.11136,0.019804,-0.02628
0.013036,-0.024669,0.015292,0.00079012,0.0024015,-0.029503
0.011747,-0.023058,0.016904,0.013036,-0.0059775,-0.025958
0.011425,-0.021446,0.012392,-0.10524,0.00079012,-0.022413
0.012392,-0.021446,0.02496,-0.1307,-0.0043662,-0.024991
0.01497,-0.021446,0.02206,-0.047228,0.0011124,-0.024669
0.014003,-0.019835,0.018837,0.052031,0.029472,-0.02338
0.011103,-0.019191,0.021093,0.024316,0.045263,-0.021446
0.0069132,-0.02338,-0.0043662,-0.052062,0.0053019,-0.032081
0.0062687,-0.02338,0.0072355,-0.032081,-0.043038,-0.031759
0.013359,-0.02048,0.028505,-0.061085,-0.07172,-0.024669
0.013681,-0.018868,0.020449,-0.064953,-0.057541,-0.024669
0.0094914,-0.022735,0.01787,0.0085246,0.048164,-0.024347
0.0075578,-0.022413,0.024316,0.064922,0.12873,-0.028536
0.0088468,-0.023702,0.01787,0.039462,0.059443,-0.034659
0.0094914,-0.025314,0.010458,0.0069132,0.034951,-0.035304
0.0075578,-0.023702,0.012392,-0.020802,0.058154,-0.032404
0.0098136,-0.019513,0.019159,0.10069,0.068789,-0.023058
0.011103,-0.02048,0.022382,-0.026603,0.061699,-0.025958
0.011425,-0.02048,0.02206,-0.079455,0.10682,-0.023058
0.015937,-0.018868,0.022704,0.048486,0.10746,-0.015323
0.012392,-0.024347,0.016904,0.082324,0.028827,-0.018868
0.012714,-0.024025,0.013359,-0.0072666,-0.014679,-0.020157
0.0091691,-0.026603,0.0094914,-0.058507,-0.032404,-0.02338
0.0036905,-0.027247,0.011103,-0.065597,0.0053019,-0.023058
0.003046,-0.026925,0.0043351,-0.039816,0.043007,-0.029181
0.01078,-0.021769,0.0072355,0.017548,-0.029825,-0.036915
0.012392,-0.015968,0.023993,-0.061085,-0.046583,-0.034015
0.0094914,-0.010812,0.030761,-0.0079111,0.017548,-0.022735
0.0094914,-0.018546,0.022704,-0.0021103,0.071045,-0.020157
0.0098136,-0.024025,-0.00049895,-0.049484,0.064922,-0.019513
0.010136,-0.022091,0.00014558,-0.0098447,0.069111,-0.028214
0.0075578,-0.023058,0.042363,-0.03337,0.021738,-0.032081
0.0082023,-0.019835,0.038173,-0.024669,0.010458,-0.028214
0.0098136,-0.02338,0.014003,0.035273,0.014648,-0.028214
0.0072355,-0.027892,0.0082023,-0.0040439,0.0059464,-0.029503
0.0098136,-0.024991,0.012714,-0.037882,-0.011134,-0.027892
0.0082023,-0.025314,0.011747,-0.0088779,-0.022091,-0.02628
0.00788,-0.027247,0.0091691,-0.018546,-0.017257,-0.025958
0.011747,-0.024991,0.016904,-0.063341,-0.0043662,-0.024669
0.01497,-0.02048,0.020449,-0.047872,0.014648,-0.020802
0.011425,-0.022735,0.015614,0.033662,0.037851,-0.024991
0.011425,-0.024025,-0.0040439,0.022382,0.041396,-0.029181
0.014325,-0.023058,-0.02628,-0.017257,0.019804,-0.024347
0.0069132,-0.022091,0.030439,-0.14359,-0.0030771,-0.028214
0.0098136,-0.018546,0.040429,-0.14778,-0.0027548,-0.029503
0.0094914,-0.021124,0.028183,-0.012423,0.019804,-0.023058
0.010458,-0.025636,0.00788,0.13614,0.041396,-0.024347
0.0094914,-0.020802,0.023349,-0.0098447,0.022382,-0.02757
0.011103,-0.020157,0.01207,-0.067853,0.026894,-0.02338
0.013681,-0.022735,0.016904,0.0094914,0.03205,-0.024025
0.016581,-0.017901,0.029472,0.0062687,0.028827,-0.024347
0.015292,-0.018546,0.00079012,0.012714,0.033662,-0.022091
0.013036,-0.022735,0.0011124,-0.033693,0.024638,-0.024025
0.011103,-0.017901,0.033339,-0.011778,0.026249,-0.024669
0.010136,-0.022735,0.02915,-0.00082122,0.026249,-0.02757
0.010136,-0.027247,0.011747,-0.11168,0.003046,-0.032404
0.0088468,-0.02757,-0.00017668,-0.13746,-0.0095225,-0.034982
0.01207,-0.027892,0.011747,-0.082033,-0.0021103,-0.030148
0.013359,-0.022413,0.027216,0.099082,0.03624,-0.024669
0.01207,-0.022091,0.027216,0.16192,0.065888,-0.024347
0.0085246,-0.024025,0.020771,-0.0027548,0.052675,-0.025636
0.0072355,-0.02338,0.016259,0.026249,0.022382,-0.029825
0.0069132,-0.027247,0.01207,0.019482,-0.011456,-0.031437
0.00788,-0.029181,-0.00017668,0.050097,-0.024991,-0.03337
0.0082023,-0.026925,0.0059464,-0.06882,-0.010167,-0.029503
0.014003,-0.021124,0.02206,-0.11909,0.03205,-0.019191
0.01787,-0.018546,0.025927,0.0024015,0.082002,-0.014357
0.013036,-0.023702,0.020126,-0.0014658,0.066855,-0.02048
0.0082023,-0.027247,0.0085246,-0.06463,0.040429,-0.028536
0.01207,-0.022091,0.0094914,-0.024347,0.02915,-0.027247
0.010458,-0.018868,0.028183,0.029794,0.023349,-0.026603
0.0085246,-0.02048,0.027538,-0.0069443,0.026249,-0.024991
0.013359,-0.021769,0.023671,-0.068175,0.011747,-0.024025
0.014003,-0.021124,0.0088468,-0.040783,0.015292,-0.021769
0.011103,-0.021124,0.010136,0.029794,0.023027,-0.024669
0.0075578,-0.02338,0.029472,-0.0079111,0.013036,-0.029503
0.0020792,-0.024347,0.0046573,-0.033693,0.0082023,-0.029503
0.0069132,-0.020802,0.013036,-0.032726,0.0082023,-0.030792
0.011747,-0.019513,0.016904,-0.015001,0.017548,-0.025314
0.010136,-0.018546,0.017226,-0.0033994,0.014648,-0.022091
0.0098136,-0.022735,0.026249,-0.037882,0.025605,-0.026603
0.011425,-0.024669,0.015937,0.0069132,0.010458,-0.029503
0.0094914,-0.02338,0.0075578,-0.0079111,0.0014347,-0.028859
0.00788,-0.02338,0.0085246,-0.0859,0.0049796,-0.029825
0.006591,-0.026925,0.0036905,-0.17839,-0.01629,-0.032081
0.0082023,-0.026603,0.0091691,-0.12199,-0.0056553,-0.030792
0.0075578,-0.028214,-0.00082122,0.073945,0.018193,-0.03047
0.0075578,-0.025958,0.00788,0.23476,0.042685,-0.025958
0.010458,-0.017257,0.024316,0.05622,0.04623,-0.020802
0.016581,-0.018224,0.030117,-0.059152,0.023349,-0.017901
0.018193,-0.018868,0.021415,-0.017579,0.025605,-0.017579
0.01497,-0.015323,0.043007,-0.01629,0.055254,-0.018546
0.014325,-0.01629,0.024316,0.038173,0.073623,-0.018546
0.013036,-0.02048,0.027216,0.025927,0.056543,-0.023058
0.016581,-0.018546,0.031728,-0.0014658,0.021415,-0.021769
0.013036,-0.022413,0.01207,0.01078,0.025605,-0.025314
0.011103,-0.024669,0.014003,-0.028859,0.01497,-0.027247
0.0069132,-0.024991,0.012714,-0.051095,0.0049796,-0.03047
0.0036905,-0.024991,0.0085246,-0.063341,0.020126,-0.028859
0.0062687,-0.02628,-0.00082122,-0.077199,0.006591,-0.03047
0.0053019,-0.026925,-0.0037216,-0.10201,-0.032081,-0.038527
0.0033683,-0.028536,-0.00049895,-0.039493,0.018515,-0.036271
0.0036905,-0.030148,0.0062687,0.021738,0.051064,-0.03337
0.011103,-0.026603,0.020449,-0.015323,0.016581,-0.029825
0.016259,-0.015646,0.036562,-0.03047,0.054931,-0.014357
0.019159,-0.010167,0.040107,-0.074943,0.057187,-0.0092002
0.018193,-0.014034,0.025605,0.0033683,0.016259,-0.013712
0.01207,-0.022091,0.010458,-0.063341,0.0033683,-0.022413
0.0091691,-0.022735,0.013036,-0.028536,0.019159,-0.028536
0.0085246,-0.024669,0.014325,0.026572,0.035917,-0.030148
0.01207,-0.021446,0.025283,0.024316,0.016259,-0.028536
0.014325,-0.019835,0.024638,0.037529,0.034306,-0.020157
0.012392,-0.019513,0.01787,-0.0072666,0.051386,-0.02338
0.0072355,-0.02628,0.0075578,-0.02628,0.015614,-0.031114
0.0098136,-0.02628,0.0091691,-0.050773,-0.00049895,-0.029503
0.0082023,-0.024991,0.0098136,0.0049796,-0.010812,-0.025958
0.010136,-0.024991,0.014325,0.05622,-0.014679,-0.028214
0.0098136,-0.025314,0.00788,0.013681,0.019159,-0.023058
0.0094914,-0.025958,0.00014558,-0.07591,0.040107,-0.027247
0.00788,-0.025958,0.0072355,-0.032404,0.0072355,-0.031114
0.01078,-0.021124,0.0098136,-0.0066221,-0.0059775,-0.036593
0.0075578,-0.021769,0.02206,0.074912,-0.0037216,-0.044327
0.010136,-0.019513,0.021415,-0.057218,0.017548,-0.028536
0.013036,-0.015968,0.027861,-0.057218,0.079424,-0.015001
0.0062687,-0.021446,0.019482,-0.032404,0.083613,-0.02338
0.0069132,-0.024991,0.013036,-0.09299,0.035917,-0.025958
0.0075578,-0.023702,0.017226,-0.11265,0.00014558,-0.028536
0.0082023,-0.022413,0.014648,-0.073332,-0.005333,-0.032081
0.00788,-0.020157,0.013681,0.013036,-0.0069443,-0.027247
0.01078,-0.02048,0.020449,0.11101,0.011747,-0.023058
0.013681,-0.020802,0.017548,0.038818,0.032695,-0.024669
0.011747,-0.024669,0.01207,-0.099113,0.012392,-0.024347
0.0094914,-0.024669,0.016581,0.0040128,0.023027,-0.024991
0.0062687,-0.024991,0.022382,0.051709,0.02496,-0.024991
0.0094914,-0.023058,0.025927,0.023349,0.010458,-0.024669
0.0088468,-0.028214,0.0027237,-0.039493,0.0075578,-0.031114
0.0094914,-0.03047,0.0017569,0.041074,0.032372,-0.02757
0.016259,-0.026925,0.015292,0.0017569,0.055254,-0.022735
0.017226,-0.023702,0.019482,-0.015323,0.021738,-0.021446
0.015937,-0.021769,0.021415,0.011747,-0.029503,-0.025958
0.014003,-0.021124,0.016581,-0.0024326,-0.032726,-0.031437
0.018515,-0.017901,0.01787,-0.13811,0.013681,-0.020802
0.015614,-0.015968,0.041074,-0.015646,0.054609,-0.017901
0.0098136,-0.019191,0.031406,0.018193,0.055576,-0.021446
0.011103,-0.018224,0.011425,-0.056251,0.055576,-0.021124
0.01078,-0.024991,0.010458,-0.066564,0.043007,-0.023702
0.006591,-0.024669,0.0027237,-0.032081,0.0062687,-0.026603
0.0053019,-0.02757,-0.010167,0.030439,0.025605,-0.028859
0.0043351,-0.026603,0.025605,-0.073332,0.03624,-0.031114
0.010136,-0.021769,0.02915,-0.020157,0.038173,-0.03337
0.010458,-0.022735,0.013359,0.068789,0.044296,-0.029503
0.0098136,-0.024025,0.023671,0.015614,0.030761,-0.025314
0.014325,-0.022091,0.019804,0.014648,0.028827,-0.024025
0.014648,-0.018546,0.023993,0.042041,0.037529,-0.023058
0.0091691,-0.025958,0.010458,0.00014558,0.028505,-0.028859
0.010458,-0.029181,0.00046785,-0.055607,0.01497,-0.029503
0.0091691,-0.029825,-0.0050107,-0.031759,0.0082023,-0.029825
0.010136,-0.024347,-0.00049895,-0.082033,0.015614,-0.022735
0.014648,-0.015646,0.0027237,-0.053351,0.021415,-0.019513
0.00788,-0.012101,0.023349,0.0069132,-0.0014658,-0.023702
0.00079012,-0.016612,0.037206,-0.092346,-0.02338,-0.027892
0.0062687,-0.021769,0.010136,-0.11845,-0.029825,-0.031759
0.012714,-0.02338,0.0091691,-0.063664,0.0062687,-0.029825
0.012714,-0.019835,0.03205,0.1413,0.042685,-0.024991
0.010458,-0.015001,0.05622,0.052675,0.023671,-0.025314
0.010136,-0.017579,0.034951,-0.14326,0.040429,-0.023058
0.0088468,-0.022091,0.011425,-0.021769,0.059121,-0.017901
0.0091691,-0.022413,0.018193,0.19351,0.037206,-0.024991
0.0082023,-0.025958,0.021093,0.013359,0.023671,-0.028536
0.0082023,-0.024991,0.010136,-0.07591,-0.0050107,-0.024991
0.0094914,-0.022413,0.011103,-0.034015,-0.0098447,-0.022091
0.0088468,-0.020802,0.036884,-0.043361,-0.0082334,-0.025636
0.0094914,-0.022413,0.0059464,-0.0095225,0.016581,-0.026603
0.0088468,-0.022735,-0.0092002,-0.0043662,0.0094914,-0.029181
0.01207,-0.02048,0.021738,-0.025636,0.029472,-0.026603
0.0091691,-0.030148,-0.001788,-0.018546,0.065566,-0.025636
0.011103,-0.025636,0.01787,-0.014679,0.045585,-0.02628
0.011103,-0.024669,0.011103,0.012392,0.023027,-0.024025
0.01207,-0.026603,0.014648,-0.00017668,0.0075578,-0.030148
0.0094914,-0.031437,0.0040128,0.022704,0.0085246,-0.030792
0.0062687,-0.027247,-0.0021103,-0.047228,0.0069132,-0.030792
0.011425,-0.019835,0.013359,-0.096857,0.0069132,-0.030148
0.011103,-0.022735,0.0053019,-0.065919,0.00046785,-0.034982
0.011425,-0.018868,0.02496,-0.014034,0.023671,-0.031114
0.017226,-0.014679,0.032695,0.014648,0.025927,-0.021769
0.016904,-0.015001,0.028505,-0.024991,0.030117,-0.010489
0.016581,-0.017579,0.020126,-0.067531,0.072656,-0.014034
0.014648,-0.018224,0.02206,-0.033693,0.080068,-0.017901
0.01207,-0.022735,0.015614,-0.02628,0.035273,-0.025958
0.012714,-0.023058,0.0062687,-0.044005,0.0098136,-0.029181
0.0098136,-0.024991,0.01207,-0.014034,0.0088468,-0.028536
0.0088468,-0.02338,0.016581,-0.0024326,0.0043351,-0.026925
0.0069132,-0.022413,0.015937,0.055576,-0.0011435,-0.025958
0.0075578,-0.026925,0.0094914,-0.050451,0.0082023,-0.029825
0.00788,-0.028214,0.0091691,-0.041749,0.024316,-0.030148
0.0072355,-0.029181,0.013681,0.066855,0.052998,-0.027247
0.0094914,-0.027247,0.025283,0.0069132,0.051064,-0.026925
0.011103,-0.019513,0.028505,-0.055285,0.026894,-0.02338
0.010136,-0.020802,0.015937,-0.019191,0.013681,-0.024025
0.0091691,-0.022091,0.021415,0.027861,-0.0043662,-0.025636
0.01078,-0.017579,0.023671,0.018193,0.0069132,-0.02628
0.010136,-0.019835,0.027216,0.013681,0.056865,-0.024025
0.010136,-0.026603,0.0098136,-0.02338,0.031406,-0.026925
0.012714,-0.02628,0.0053019,-0.0079111,0.020771,-0.025958
0.013359,-0.024347,0.012392,0.0088468,0.020449,-0.025958
0.00788,-0.02628,0.0085246,-0.036915,-0.011778,-0.030792
0.0046573,-0.029503,0.0043351,-0.13295,-0.025958,-0.034015
0.0075578,-0.027892,-0.001788,-0.19676,-0.011778,-0.036915
0.01078,-0.022413,0.0098136,-0.12941,-0.011456,-0.032404
0.0098136,-0.019835,0.039462,0.091025,0.0053019,-0.029181
0.014325,-0.01339,0.046552,0.24861,0.054609,-0.014679
0.016904,-0.011456,0.045908,0.079424,0.087158,-0.012745
0.013681,-0.021446,0.01497,-0.16776,0.040751,-0.02338
0.01207,-0.023702,0.0040128,0.0014347,0.03914,-0.026603
0.0094914,-0.025314,0.0098136,0.048486,0.038173,-0.031759
0.0062687,-0.027892,0.0088468,-0.0062998,0.016259,-0.034015
0.0053019,-0.027247,0.0094914,-0.0040439,-0.00082122,-0.028859
0.003046,-0.028536,0.0075578,0.021415,-0.0072666,-0.033048
0.0072355,-0.023058,-0.0014658,0.035273,0.023671,-0.026603
0.012392,-0.022091,0.012392,-0.042394,0.035917,-0.022413
0.019804,-0.015323,0.027538,-0.074943,0.039785,-0.014679
0.01787,-0.012101,0.019159,-0.09009,0.074267,-0.014034
0.018193,-0.01629,0.036884,-0.044005,0.056865,-0.01629
0.014003,-0.016612,0.019482,-0.032081,0.021738,-0.022413
0.010458,-0.019191,0.0040128,0.0059464,0.006591,-0.027892
0.01207,-0.018868,0.02915,-0.017901,0.0043351,-0.030148
0.0072355,-0.022091,0.03624,-0.03047,0.023027,-0.028214
0.0082023,-0.025636,0.01497,-0.026603,0.018837,-0.025314
0.0094914,-0.029825,0.0075578,-0.038204,0.0088468,-0.028536
0.00788,-0.029503,0.0046573,-0.02757,0.014648,-0.030148
0.0069132,-0.024347,0.011747,-0.02757,0.0040128,-0.031759
0.015614,-0.021446,0.015292,-0.042394,-0.0014658,-0.022735
0.014003,-0.023702,0.015937,-0.11684,0.00079012,-0.024025
0.011103,-0.024025,0.014003,-0.082355,-0.010167,-0.028214
0.0094914,-0.024347,0.0088468,-0.0033994,-0.046906,-0.037238
0.0053019,-0.02757,0.0024015,-0.04465,-0.046906,-0.036915
0.0046573,-0.026603,0.010136,-0.020802,-0.023058,-0.036915
0.0075578,-0.021769,0.021093,0.17095,0.031406,-0.032081
0.010136,-0.020157,0.028505,0.070722,0.10295,-0.019835
0.014003,-0.015001,0.033984,0.083291,0.13743,-0.012101
0.016581,-0.013712,0.030439,0.044619,0.10392,-0.0082334
0.013359,-0.025958,0.0020792,-0.02757,0.05622,-0.014357
0.00788,-0.029825,-0.00017668,0.079424,0.026894,-0.023702
0.0082023,-0.021446,0.016259,0.0056242,0.018515,-0.025958
0.0088468,-0.02338,0.018515,-0.033693,0.013681,-0.028859
0.01078,-0.019835,0.00046785,-0.045939,0.020126,-0.028859
0.0075578,-0.020802,0.015292,-0.10846,0.0094914,-0.03047
0.0098136,-0.02048,0.026894,-0.09718,0.0024015,-0.02757
0.0098136,-0.026603,0.0094914,-0.05883,-0.0014658,-0.029181
0.0075578,-0.028859,0.0059464,-0.048517,0.0011124,-0.027247
0.01207,-0.021124,0.02206,0.035917,0.00788,-0.022091
0.01078,-0.022413,0.018837,0.012392,0.00014558,-0.02338
0.01078,-0.02628,0.014003,-0.043683,0.0040128,-0.030792
0.013036,-0.021769,0.023349,-0.032726,0.030761,-0.028214
0.015292,-0.019835,0.017226,-0.0098447,0.042041,-0.02338
0.020771,-0.019513,0.0094914,-0.038527,0.031728,-0.02048
0.016581,-0.022413,0.0069132,-0.042716,0.011425,-0.02338
0.0091691,-0.02338,0.021093,-0.022413,0.00788,-0.026603
0.0069132,-0.029825,0.027538,-0.049162,-0.0037216,-0.03337
0.011103,-0.022091,0.026894,-0.00082122,-0.0037216,-0.03337
0.014003,-0.01629,0.034951,0.037851,0.036884,-0.02628
0.013681,-0.02757,-0.028214,-0.0098447,0.054931,-0.020802
0.011747,-0.024991,-0.019835,-0.01629,0.035917,-0.02628
0.0053019,-0.014679,0.059121,-0.094279,0.0027237,-0.04046
0.0082023,-0.022091,0.025283,-0.063664,0.0075578,-0.029181
0.010458,-0.018546,0.031083,0.066211,0.061377,-0.022091
0.0043351,-0.022413,0.021738,0.075879,0.045585,-0.025958
0.0062687,-0.024991,0.0059464,-0.028214,0.02206,-0.024025
0.0082023,-0.02338,0.0098136,-0.019513,0.035595,-0.02338
0.0088468,-0.025958,0.01078,-0.06173,0.028505,-0.02628
0.011747,-0.024347,0.018837,-0.034659,0.0053019,-0.025314
0.0085246,-0.023702,0.017548,0.015292,-0.0062998,-0.029181
0.0062687,-0.024669,0.0088468,-0.0046884,0.0069132,-0.028536
0.003046,-0.023702,0.0075578,-0.034659,0.0053019,-0.029503
0.0075578,-0.024025,0.010136,-0.029503,-0.0062998,-0.02628
0.0094914,-0.02048,0.016259,-0.0014658,-0.0040439,-0.02628
0.01078,-0.018546,0.025283,-0.052706,-0.001788,-0.02338
0.0033683,-0.022735,0.0088468,-0.16196,0.00079012,-0.031437
0.0062687,-0.026925,-0.0027548,-0.2132,0.0062687,-0.033693
0.021415,-0.022413,0.01078,-0.10234,0.025283,-0.021769
0.027216,-0.014357,0.03205,0.24668,0.095859,-0.010812
0.017226,-0.019513,0.023027,0.21413,0.061054,-0.020802
0.011425,-0.02338,0.015937,-0.012745,0.019482,-0.025636
0.0091691,-0.02338,0.020126,0.014648,0.029472,-0.024991
0.014003,-0.018224,0.025283,-0.01339,0.061054,-0.021446
0.012392,-0.019835,0.025927,-0.018224,0.083613,-0.019191
0.013036,-0.023058,0.021738,-0.0027548,0.047197,-0.02757
0.0091691,-0.024669,0.015937,-0.049806,0.0043351,-0.029825
0.0056242,-0.024025,0.015937,-0.076554,0.0024015,-0.031759
0.0082023,-0.020802,0.019804,-0.030792,0.011103,-0.029503
0.0098136,-0.022413,0.017548,0.071689,0.0024015,-0.031437
0.0085246,-0.023058,0.013359,0.10392,-0.0059775,-0.030148
0.0091691,-0.027247,0.011103,-0.038204,-0.0030771,-0.027892
0.010458,-0.02628,0.014648,0.022382,0.0072355,-0.025314
0.011103,-0.02338,0.014648,-0.027892,0.042041,-0.020802
0.015292,-0.024347,0.013359,-0.082677,0.060088,-0.019513
0.01207,-0.026603,0.0091691,-0.10524,0.042685,-0.02628
0.013036,-0.021446,0.0062687,-0.082355,0.011103,-0.026603
0.0082023,-0.018868,0.014648,-0.031114,-0.0079111,-0.030148
0.006591,-0.019835,0.024316,-0.084611,-0.017579,-0.032726
0.010136,-0.021446,0.020126,-0.14165,-0.010489,-0.026925
0.011425,-0.024347,0.020771,-0.0021103,0.0082023,-0.029181
0.012392,-0.025314,0.022382,0.11681,0.064599,-0.02338
0.010136,-0.025314,0.022382,0.084258,0.088447,-0.021769
0.0072355,-0.028536,0.0088468,0.11165,0.039462,-0.028859
0.00788,-0.024347,-0.00017668,0.052675,0.017548,-0.026925
0.012392,-0.022091,0.0075578,-0.034337,-0.0024326,-0.023058
0.015614,-0.016935,0.026894,-0.11523,-0.017579,-0.018868
0.018515,-0.012101,0.026249,-0.069464,-0.017579,-0.018868
0.012714,-0.018868,0.00046785,0.00079012,-0.01339,-0.025314
0.006591,-0.02757,0.018515,-0.084933,0.0036905,-0.031437
0.01207,-0.017579,0.042685,-0.0059775,0.038496,-0.028859
0.01207,-0.018868,0.022382,0.011425,0.068467,-0.024347
0.0091691,-0.022091,0.025605,-0.12554,0.018837,-0.02338
0.0094914,-0.019835,0.019159,-0.082677,0.019482,-0.024991
0.0098136,-0.022091,0.011103,0.012392,0.06331,-0.025314
0.0098136,-0.024991,0.017226,0.10488,0.055576,-0.02757
0.0075578,-0.023702,0.023349,0.085225,0.051386,-0.028859
0.0053019,-0.023058,0.013036,-0.0095225,0.029794,-0.025636
0.0094914,-0.024347,0.0024015,-0.055285,0.013036,-0.022091
0.0088468,-0.025958,0.0072355,-0.02628,0.0033683,-0.024669
0.010458,-0.024669,0.010136,0.011747,-0.026603,-0.02757
0.011425,-0.024347,0.0046573,-0.0046884,-0.054318,-0.029503
0.01497,-0.024025,0.0059464,-0.024347,-0.044005,-0.029503
0.018515,-0.023058,0.017226,-0.047872,-0.00082122,-0.024669
0.01497,-0.022413,0.015937,-0.083967,0.095215,-0.020802
0.0094914,-0.022735,0.01207,-0.0024326,0.13292,-0.02338
0.00788,-0.022735,0.012392,-0.011456,0.059443,-0.030148
0.0059464,-0.018868,0.018837,-0.096535,0.010458,-0.034015
0.0049796,-0.020157,0.0075578,-0.11426,0.0085246,-0.025636
0.0033683,-0.025958,0.0072355,-0.0079111,0.0046573,-0.02757
0.0059464,-0.018868,0.032695,-0.091056,-0.0062998,-0.031759
0.0098136,-0.018546,0.023993,-0.026603,0.049775,-0.025636
0.010458,-0.019835,0.036562,0.16418,0.077168,-0.023702
0.0072355,-0.024991,0.016259,0.082646,0.045585,-0.026925
0.0094914,-0.025958,0.0085246,-0.00082122,0.027216,-0.024991
0.016581,-0.023702,0.012714,0.0020792,0.036884,-0.021769
0.011747,-0.020802,0.012714,-0.035304,0.016259,-0.022413
0.013036,-0.021446,0.011425,-0.041749,-0.0050107,-0.028859
0.013359,-0.022091,0.019804,-0.016935,-0.001788,-0.025314
0.013036,-0.024669,0.018515,-0.053996,-0.018224,-0.02757
0.01207,-0.023058,0.027538,-0.049806,-0.017901,-0.028214
0.00788,-0.029825,-0.024669,-0.031759,-0.014679,-0.028859
0.0033683,-0.031437,-0.0059775,0.050419,0.021738,-0.028859
0.0059464,-0.02048,0.051386,0.071689,0.043652,-0.024991
0.012392,-0.017579,-0.005333,0.02206,0.042685,-0.020802
0.011103,-0.021124,0.051064,-0.049162,0.030117,-0.026925
0.01207,-0.019513,0.037529,-0.089767,0.030117,-0.022413
0.016904,-0.017257,0.0098136,-0.048517,0.028505,-0.02338
0.015614,-0.023058,0.015614,-0.020802,0.027538,-0.026925
0.014003,-0.021446,0.017548,0.017226,0.0098136,-0.027892
0.010136,-0.022735,0.015614,-0.015323,-0.0027548,-0.026603
0.014325,-0.021769,0.01497,-0.054962,0.0043351,-0.02338
0.014648,-0.021769,0.013036,-0.020802,0.016904,-0.021446
0.01207,-0.02048,0.0040128,0.039462,0.032695,-0.023058
0.00788,-0.023702,0.021093,0.031728,0.03624,-0.028536
0.0075578,-0.024991,0.031083,-0.12071,0.01787,-0.030148
0.010458,-0.027247,0.0072355,-0.083967,0.025605,-0.028536
0.0069132,-0.022413,0.017226,0.028827,0.027216,-0.02757
0.0036905,-0.019835,0.018193,0.040107,0.01497,-0.032081
0.0088468,-0.021446,0.01497,-0.077843,0.0091691,-0.026603
0.010458,-0.022735,0.015292,-0.082033,0.003046,-0.028859
0.015614,-0.021446,0.017548,0.09167,0.017226,-0.025958
0.01787,-0.024025,0.0098136,0.11745,0.030761,-0.026603
0.01787,-0.023702,0.013359,-0.047228,0.031083,-0.023702
0.011103,-0.022735,0.01497,-0.050773,0.018193,-0.02338
0.0098136,-0.026603,0.011747,-0.053673,0.012714,-0.026925
0.011747,-0.025958,0.014648,-0.054962,0.0049796,-0.024025
0.010458,-0.022413,0.017226,-0.036271,0.016904,-0.022735
0.0075578,-0.025314,0.0046573,-0.0056553,0.028183,-0.031114
0.0056242,-0.024669,0.01078,0.00046785,0.027861,-0.029825
0.010136,-0.021446,0.018193,0.015614,0.013359,-0.022735
0.0082023,-0.021769,0.022704,-0.028536,0.0046573,-0.02628
0.011425,-0.020802,0.023671,-0.074621,0.043974,-0.024347
0.011747,-0.020157,0.010458,-0.044972,0.079101,-0.023702
0.0085246,-0.019835,0.027538,0.021093,0.0704,-0.024669
0.01078,-0.019835,0.021738,0.10102,0.042041,-0.024991
0.011425,-0.02338,0.01787,0.042685,0.027538,-0.024669
0.01078,-0.024347,0.012714,-0.070431,0.014325,-0.023702
0.0082023,-0.024991,0.013681,-0.048517,0.0085246,-0.026925
0.00788,-0.022735,0.0014347,-0.015968,0.00079012,-0.025314
0.0098136,-0.020802,0.020449,-0.018546,0.0027237,-0.028214
0.0091691,-0.023058,0.040751,-0.017257,0.021093,-0.031114
0.0094914,-0.021124,0.014325,-0.039493,0.027216,-0.026603
0.0072355,-0.020802,0.0082023,-0.052706,0.0075578,-0.029503
0.0069132,-0.028214,0.0091691,-0.07172,-0.00082122,-0.028214
0.0088468,-0.025636,0.0098136,-0.065919,-0.01629,-0.03047
0.0088468,-0.018546,0.013681,-0.042072,-0.037882,-0.033693
0.0085246,-0.019835,0.019804,-0.0069443,-0.0037216,-0.025958
0.0098136,-0.020802,0.027861,0.044941,0.060088,-0.019835
0.0062687,-0.025314,0.019482,0.10166,0.094248,-0.021124
0.010458,-0.022091,0.019804,-0.022735,0.098438,-0.02048
0.014003,-0.020157,0.018515,-0.048517,0.053964,-0.024669
0.017548,-0.015968,0.023027,-0.018868,0.00079012,-0.019835
0.016259,-0.017901,0.02206,0.023027,-0.012101,-0.016935
0.010136,-0.022091,0.024638,-0.0095225,0.00046785,-0.025958
0.0094914,-0.02628,0.0062687,-0.038849,0.012392,-0.028536
0.0094914,-0.024991,0.0091691,-0.061408,-0.0046884,-0.031437
0.011747,-0.02338,0.0069132,-0.01339,0.012714,-0.024991
0.014325,-0.024347,0.0091691,-0.027892,0.055898,-0.023058
0.011747,-0.023058,0.011747,-0.017901,0.043652,-0.027892
0.0091691,-0.025958,0.013681,0.01787,0.011747,-0.028859
0.0075578,-0.028214,0.0062687,-0.054962,0.012392,-0.032404
0.0069132,-0.027892,-0.0030771,-0.12522,0.0017569,-0.031114
0.0094914,-0.02338,0.023671,-0.044005,0.0082023,-0.028214
0.01207,-0.016935,0.028827,0.12615,0.023027,-0.023702
0.01207,-0.019191,0.010136,0.022382,0.022704,-0.024347
0.0094914,-0.021446,0.011747,-0.072687,0.019159,-0.025958
0.010458,-0.022091,0.026572,-0.028214,0.013036,-0.028859
0.0088468,-0.021446,0.016904,0.038173,0.019804,-0.026603
0.0088468,-0.021446,0.011747,-0.017257,0.0020792,-0.027892
0.0094914,-0.021446,0.018837,-0.05174,-0.0056553,-0.030148
0.0094914,-0.021124,0.022382,-0.0082334,0.01787,-0.025636
0.011425,-0.021446,0.023349,0.021093,0.045585,-0.02338
0.013681,-0.018868,0.026572,0.0056242,0.08168,-0.019513
0.013359,-0.021446,0.019159,0.040751,0.079101,-0.02048
0.011103,-0.025314,0.014003,-0.054318,0.027861,-0.025314
0.0094914,-0.024991,0.01207,-0.041105,0.012392,-0.027892
0.010458,-0.022735,0.016581,0.0046573,0.0046573,-0.029825
0.011747,-0.020157,0.027538,0.034628,0.0091691,-0.024991
0.0053019,-0.021769,0.00014558,0.032372,-0.0011435,-0.023058
0.0062687,-0.025636,-0.029181,-0.015646,0.02496,-0.026925
0.0075578,-0.022091,0.03914,-0.077843,0.054609,-0.030148
0.013681,-0.02338,0.020449,-0.035304,0.015614,-0.028214
0.019482,-0.025314,0.016581,-0.032404,-0.0069443,-0.029181
0.015614,-0.021769,0.023993,-0.072365,-0.0021103,-0.026925
0.016259,-0.019835,0.022704,-0.046583,0.014648,-0.024025
0.017548,-0.017579,0.013359,-0.073009,0.030761,-0.021769
0.013036,-0.019513,0.020126,-0.0075889,0.033662,-0.022735
0.01078,-0.021124,0.015614,0.0094914,0.045263,-0.025636
0.0069132,-0.024991,0.006591,0.039462,0.034306,-0.026925
0.003046,-0.022091,0.017548,0.014325,-0.00017668,-0.032081
0.003046,-0.023702,0.019804,-0.0085557,-0.0030771,-0.03047
0.0075578,-0.024669,0.011747,-0.012101,0.035595,-0.02757
0.0085246,-0.024669,0.0017569,-0.037238,0.034951,-0.024025
0.0082023,-0.020802,0.0072355,-0.052062,0.024638,-0.022735
0.0082023,-0.021124,0.036562,-0.034982,0.022704,-0.027247
0.01078,-0.023058,0.027861,-0.036593,0.026894,-0.023058
0.0082023,-0.024347,0.020126,-0.0059775,0.039462,-0.024991
0.0069132,-0.023702,0.016904,0.044296,0.024638,-0.031759
0.0072355,-0.025636,0.015937,-0.00049895,0.014003,-0.028536
0.0098136,-0.024669,0.021093,-0.061408,0.014325,-0.025636
0.01497,-0.023058,0.01787,-0.05174,0.01078,-0.022413
0.012392,-0.025636,0.01078,0.00079012,0.012714,-0.025636
0.01078,-0.027247,0.0072355,-0.013067,0.018515,-0.025958
0.010458,-0.024025,0.010458,-0.021769,0.015937,-0.023702
0.014325,-0.019835,0.018193,-0.068498,0.0069132,-0.023058
0.011747,-0.020802,0.013359,-0.01339,-0.0056553,-0.028214
0.011425,-0.020157,0.016259,0.037851,-0.0021103,-0.031114
0.011747,-0.023702,0.013681,-0.021446,-0.0033994,-0.027892
0.012392,-0.022091,0.016259,-0.0027548,0.025605,-0.027892
0.01207,-0.025314,0.01497,-0.0092002,0.062988,-0.024025
0.011103,-0.024347,0.016581,0.034628,0.055254,-0.021124
0.014648,-0.021769,0.020126,0.029472,0.031083,-0.020802
0.014325,-0.023058,0.013036,-0.014357,0.034306,-0.023058
0.010136,-0.023702,0.010136,-0.01339,0.02496,-0.027247
0.013036,-0.023058,0.016904,-0.065919,0.024638,-0.023702
0.010458,-0.020157,0.016904,-0.10072,0.01787,-0.022413
0.0085246,-0.022091,0.015292,-0.1307,-0.00082122,-0.025314
0.0091691,-0.020802,0.0072355,-0.064953,-0.014357,-0.034015
0.014325,-0.017257,0.00046785,-0.079455,-0.0030771,-0.029825
0.012392,-0.016612,0.032372,-0.028859,0.011103,-0.024991
0.0094914,-0.024347,0.037529,0.1703,0.02915,-0.02628
0.0024015,-0.034015,-0.0098447,0.11777,0.026249,-0.032081
0.0036905,-0.033048,-0.0059775,0.10295,0.042685,-0.03337
0.00046785,-0.02628,0.02915,-0.065597,0.053642,-0.036593
0.0014347,-0.017579,0.038496,-0.080099,0.047197,-0.029181
0.010136,-0.017257,0.02206,0.010136,0.061377,-0.016935
0.010136,-0.015968,0.027538,0.030117,0.033339,-0.020802
0.012392,-0.017257,0.024316,0.047197,0.021415,-0.022413
0.016259,-0.015968,0.031728,-0.038849,0.021415,-0.017579
0.013359,-0.020157,0.018193,-0.05464,0.014325,-0.021446
0.013036,-0.018546,0.019804,-0.041427,0.0014347,-0.031114
0.011425,-0.022091,0.018837,-0.042394,0.0040128,-0.033693
0.0075578,-0.026603,0.014648,-0.041427,0.0036905,-0.029825
0.0088468,-0.024347,0.011425,-0.040783,-0.014034,-0.025314
0.0082023,-0.024025,0.00788,-0.058185,-0.02048,-0.028214
0.0046573,-0.024347,0.011425,-0.064953,-0.0046884,-0.029825
0.00788,-0.026925,0.010136,-0.028859,-0.00082122,-0.032726
0.01207,-0.032081,-0.0021103,0.023671,0.0024015,-0.03337
0.017226,-0.028536,-0.0092002,0.029472,0.035917,-0.028859
0.023349,-0.017257,-0.0059775,-0.053351,0.094893,-0.015646
0.013681,-0.02048,0.043652,-0.10266,0.07459,-0.011134
0.010136,-0.025314,0.043652,-0.042072,0.035595,-0.027247
0.0056242,-0.024669,0.0082023,0.058798,0.016581,-0.032726
0.0024015,-0.026603,0.011103,0.093926,0.022382,-0.033693
0.0088468,-0.022413,0.019159,0.10714,0.051386,-0.028536
0.013681,-0.018868,0.02206,-0.032404,0.037851,-0.026925
0.013681,-0.017257,0.025927,-0.036271,0.020771,-0.02338
0.013359,-0.02048,0.01787,-0.047872,0.016581,-0.024347
0.011103,-0.021124,0.021415,-0.063664,0.0075578,-0.02048
0.0069132,-0.026603,0.014648,-0.025636,0.01497,-0.029503
0.0069132,-0.029825,0.00079012,0.0036905,0.018837,-0.031114
0.010458,-0.02628,0.0036905,-0.020802,0.038496,-0.023702
0.015292,-0.020157,0.02496,-0.042394,0.040429,-0.017579
0.014325,-0.019191,0.014003,-0.043361,0.020771,-0.02048
0.013359,-0.021124,0.023671,-0.046906,0.025927,-0.021446
0.018193,-0.016935,0.020449,-0.10072,0.027216,-0.016612
0.012392,-0.022413,0.01497,-0.078488,0.006591,-0.022735
0.012392,-0.022735,0.015937,0.0049796,0.00079012,-0.02757
0.0094914,-0.017901,0.042041,0.086191,-0.017257,-0.031759
0.0069132,-0.021769,0.015614,0.045908,-0.028214,-0.032081
0.0049796,-0.033048,-0.018224,-0.031759,-0.021124,-0.031437
0.0072355,-0.024991,0.018193,-0.13198,0.0020792,-0.031759
0.013036,-0.023702,-0.0059775,-0.21062,0.033662,-0.02628
0.014325,-0.019191,0.021093,0.021093,0.062021,-0.023058
0.0075578,-0.019191,0.019804,0.17256,0.06331,-0.025636
0.00046785,-0.027892,0.011425,0.05332,0.052353,-0.025958
0.003046,-0.031114,0.00046785,-0.021446,0.031406,-0.027247
0.013681,-0.020802,0.0075578,-0.079455,0.03624,-0.024347
0.014003,-0.018546,0.024316,-0.084289,0.033662,-0.021446
0.01497,-0.015646,0.041718,0.096504,0.021093,-0.02338
0.019804,-0.01339,0.034306,0.093281,0.026249,-0.019513
0.01207,-0.019191,0.025283,0.076201,0.039462,-0.020802
0.010136,-0.022413,0.016904,-0.0088779,0.021093,-0.025314
0.01078,-0.020802,0.010136,-0.043361,0.010136,-0.025636
0.00788,-0.023058,0.0014347,-0.042716,0.01078,-0.027247
0.0056242,-0.027247,0.0085246,-0.063664,-0.0014658,-0.032404
0.0062687,-0.024347,0.01497,-0.053996,0.010136,-0.029825
0.011747,-0.021769,0.017226,-0.028214,0.014003,-0.025636
0.0072355,-0.022735,0.019482,0.0020792,0.0062687,-0.026925
0.0075578,-0.021769,0.020449,0.027861,0.011747,-0.027247
0.0062687,-0.026925,0.0088468,-0.016612,0.011103,-0.027892
0.0088468,-0.025636,0.0027237,-0.09589,0.023027,-0.02757
0.011103,-0.021769,0.018837,0.021093,0.041074,-0.025958
0.010136,-0.018868,0.026894,-0.028859,0.022382,-0.028214
0.0082023,-0.021124,0.018193,-0.051095,0.016259,-0.028536
0.01078,-0.022091,0.01497,0.076846,0.034951,-0.028859
0.013681,-0.019191,0.023671,0.01787,0.040107,-0.023058
0.0094914,-0.023702,0.016904,-0.061085,0.020771,-0.028536
0.0091691,-0.02628,0.01078,-0.088156,0.0036905,-0.02757
0.011747,-0.022091,0.010458,-0.093635,0.0040128,-0.025958
0.014325,-0.021124,0.020126,-0.057541,0.016904,-0.020802
0.015614,-0.021769,0.021415,0.067822,0.035273,-0.021769
0.011425,-0.026925,0.017226,0.036884,0.026572,-0.02628
0.013681,-0.029503,0.010136,-0.035626,0.0049796,-0.02757
0.014648,-0.02338,-0.0082334,-0.040783,0.0027237,-0.024347
0.012392,-0.021124,0.0049796,-0.053351,0.0075578,-0.02628
0.0033683,-0.02757,0.042363,-0.02048,0.019482,-0.033048
0.0040128,-0.027892,0.013036,0.059443,0.061699,-0.028214
0.0059464,-0.024347,0.013036,-0.073009,0.061377,-0.023702
0.010136,-0.02048,0.014648,-0.073009,0.020449,-0.021769
0.015614,-0.018868,0.0091691,-0.03756,0.013359,-0.018546
0.012392,-0.022413,0.015937,-0.0027548,0.0040128,-0.023702
0.013681,-0.018546,0.030439,0.066533,0.011747,-0.021446
0.015937,-0.016935,0.036884,0.041718,0.047841,-0.019513
0.01207,-0.023058,0.021093,0.011425,0.047197,-0.028536
0.0075578,-0.024347,0.014648,-0.06173,0.0046573,-0.033693
0.0082023,-0.02048,0.015937,-0.077843,0.0027237,-0.032081
0.0075578,-0.02628,0.00046785,-0.086545,0.0098136,-0.031759
0.0049796,-0.028536,-0.00082122,-0.026603,0.016259,-0.029503
0.0088468,-0.021769,0.022382,0.079101,0.025605,-0.023702
0.0075578,-0.022413,0.014325,0.058154,0.033662,-0.027892
0.014325,-0.017579,0.024638,-0.0043662,0.034951,-0.022735
0.014003,-0.017579,0.018515,-0.044972,0.01497,-0.026603
0.01207,-0.022413,0.0040128,-0.013067,0.0098136,-0.029825
0.012714,-0.02338,-0.017579,0.0036905,0.017548,-0.026925
0.0072355,-0.028214,0.025283,-0.075588,0.01787,-0.029503
0.0062687,-0.026603,0.064277,-0.069142,0.026249,-0.034337
0.01078,-0.025314,0.01497,-0.0072666,0.043652,-0.031437
0.014003,-0.021446,0.030761,0.070078,0.042685,-0.021769
0.013359,-0.024991,-0.0059775,0.18577,0.027538,-0.021446
0.0085246,-0.021769,0.00046785,-0.018546,0.0056242,-0.024347
0.010458,-0.013712,0.04333,-0.12006,-0.0072666,-0.025314
0.015937,-0.013712,0.026249,-0.012423,0.011103,-0.019835
0.016581,-0.015646,0.025605,-0.077843,0.030439,-0.016935
0.01078,-0.021124,0.018837,-0.14069,0.01078,-0.02628
0.0082023,-0.025958,0.00046785,-0.10717,-0.00049895,-0.029181
0.0069132,-0.02757,0.013359,-0.073009,-0.021769,-0.031114
0.0059464,-0.028859,0.0085246,0.016904,0.011103,-0.032726
0.010136,-0.025314,0.00788,-0.055607,0.063955,-0.025314
0.012714,-0.020157,0.020449,0.037206,0.073945,-0.022735
0.012714,-0.022413,0.017226,0.096182,0.051709,-0.023058
0.0091691,-0.026925,0.0033683,0.0072355,0.020449,-0.029181
0.0098136,-0.025314,0.0069132,-0.071076,0.0024015,-0.027247
0.013681,-0.017579,0.025605,-0.025636,0.0094914,-0.02628
0.016904,-0.01629,0.028505,0.033984,0.03205,-0.026603
0.013036,-0.024347,0.013359,0.025605,0.051709,-0.025958
0.010136,-0.027247,0.0091691,-0.033048,0.03914,-0.024669
0.012714,-0.019513,0.022382,-0.048195,0.020449,-0.025636
0.012392,-0.015968,0.028505,0.018193,0.01497,-0.027247
0.0082023,-0.02338,0.018515,0.0088468,0.00079012,-0.027247
0.0085246,-0.024991,0.0091691,-0.0011435,0.00046785,-0.027247
0.010136,-0.022413,0.0062687,-0.03337,0.016904,-0.02628
0.013036,-0.020802,0.019482,-0.048517,0.037206,-0.023058
0.01207,-0.021769,0.034628,-0.014034,0.048808,-0.018868
0.0062687,-0.023058,0.0033683,-0.081066,0.025605,-0.026603
0.0056242,-0.028536,-0.022735,-0.09589,0.0036905,-0.032726
0.01078,-0.021446,0.023027,0.097471,0.019804,-0.024669
0.011425,-0.021769,0.019804,0.080068,0.01787,-0.025314
0.0085246,-0.025314,0.018193,-0.016612,0.0059464,-0.029503
0.0098136,-0.026925,0.023027,0.011425,-0.0024326,-0.035626
0.013681,-0.021769,0.011103,-0.035949,-0.0046884,-0.028536
0.01207,-0.024347,0.00079012,-0.060763,-0.018224,-0.027247
0.013359,-0.022413,0.016259,-0.10749,-0.020157,-0.032726
0.01078,-0.021446,0.016259,-0.084933,0.0043351,-0.024669
0.006591,-0.022413,0.020126,0.15612,0.038818,-0.024991
0.0043351,-0.024347,0.018193,0.0059464,0.037529,-0.03047
0.0027237,-0.024347,0.019482,-0.040783,0.033017,-0.027247
0.0020792,-0.024991,0.01787,0.12615,0.059765,-0.022735
0.0082023,-0.021769,0.025927,-0.051417,0.034306,-0.024347
0.01497,-0.018224,0.011425,-0.10491,0.03624,-0.020802
0.018837,-0.021124,0.0033683,-0.14004,0.028505,-0.021124
0.016259,-0.022413,0.013681,-0.037882,-0.0092002,-0.026925
0.011425,-0.023702,0.0020792,-0.0056553,0.0091691,-0.033048
0.0098136,-0.024025,0.020771,0.024316,0.030117,-0.028859
0.011103,-0.024669,0.029794,0.03914,0.010458,-0.022735
0.016904,-0.016612,0.031728,0.03914,0.034951,-0.01339
0.0094914,-0.018868,0.023993,-0.021769,0.011425,-0.027892
0.0094914,-0.026603,0.015937,-0.053996,0.032695,-0.024025
0.020126,-0.019513,0.025605,-0.046261,0.059443,-0.013067
0.01497,-0.021124,0.024316,-0.04755,0.048164,-0.026925
0.0056242,-0.02628,0.016904,-0.033693,0.077812,-0.024991
0.0085246,-0.025636,0.013359,-0.034982,0.060732,-0.02338
0.0088468,-0.02048,0.019159,-0.0075889,0.023993,-0.025958
0.0046573,-0.023702,0.021738,0.044619,0.028827,-0.028214
0.0085246,-0.025314,0.016259,0.016581,0.037529,-0.025314
0.0091691,-0.023058,0.014325,-0.046583,0.025283,-0.023058
0.0062687,-0.02338,0.0056242,-0.062375,0.0011124,-0.027247
0.0062687,-0.029825,0.0014347,-0.038204,-0.0066221,-0.028536
0.010458,-0.025958,0.0085246,-0.03047,-0.0085557,-0.027247
0.0075578,-0.024025,-0.0069443,-0.11748,-0.031114,-0.034659
0.0053019,-0.022413,0.017226,-0.11297,-0.030148,-0.036915
0.0056242,-0.022091,0.015937,-0.030792,0.0082023,-0.030792
0.0069132,-0.024025,0.020449,0.064277,0.028183,-0.030148
0.011103,-0.017901,0.023027,0.10972,0.052353,-0.025636
0.01497,-0.019191,0.013359,0.044941,0.05332,-0.024347
0.0088468,-0.020157,0.022382,0.046552,0.018193,-0.033048
0.014003,-0.015968,0.033339,0.053964,0.035273,-0.02338
0.018515,-0.017901,0.023671,0.01497,0.038173,-0.017901
0.01078,-0.023058,0.0043351,-0.024347,0.00046785,-0.025958
0.0062687,-0.027247,-0.0024326,-0.073332,-0.016935,-0.031114
0.0088468,-0.025958,0.016259,0.041718,0.010136,-0.028536
0.015937,-0.017257,0.035917,-0.0088779,0.033017,-0.016935
0.014325,-0.015646,0.029794,-0.077521,0.031406,-0.018546
0.013681,-0.020802,0.021415,-0.015968,0.026894,-0.025636
0.013036,-0.02338,0.020771,-0.073009,0.0094914,-0.024025
0.011747,-0.022413,0.015292,-0.068498,0.0069132,-0.026925
0.011425,-0.025636,0.010458,-0.001788,0.018193,-0.027892
0.0094914,-0.028536,0.0069132,0.055898,0.041718,-0.027892
0.011747,-0.025958,0.0024015,0.0072355,0.06041,-0.024991
0.012714,-0.025314,0.0056242,-0.034337,0.052675,-0.027247
0.010136,-0.022091,0.010458,-0.015323,0.033662,-0.025314
0.015614,-0.017579,0.03205,-0.021446,0.019804,-0.019835
0.011425,-0.017579,0.028505,-0.030148,0.0075578,-0.023702
0.0069132,-0.023058,0.0040128,-0.020802,0.0033683,-0.029181
0.0088468,-0.023058,-0.010812,-0.015646,0.015292,-0.026603
0.0098136,-0.019513,0.00014558,-0.014357,0.0094914,-0.025958
0.0059464,-0.022413,0.051709,-0.042072,-0.0046884,-0.034337
0.006591,-0.022413,0.0091691,-0.038204,0.0056242,-0.027892
0.0082023,-0.024347,0.023027,-0.04046,0.010136,-0.027247
0.0091691,-0.027892,0.013359,-0.042394,0.016581,-0.030792
0.011425,-0.021124,0.014003,-0.022413,0.034306,-0.026603
0.011747,-0.019513,0.027216,-0.021769,0.033339,-0.021769
0.011425,-0.020802,0.016581,-0.013067,0.034306,-0.029825
0.01078,-0.020157,0.019804,-0.031759,0.036562,-0.028859
0.014648,-0.023058,0.014003,-0.053351,0.029794,-0.022735
0.013359,-0.022735,0.024638,0.018837,0.025283,-0.028214
0.010458,-0.021446,0.02496,0.082646,0.020449,-0.028214
0.011747,-0.022091,0.021415,-0.0046884,0.0056242,-0.029181
0.010458,-0.023702,0.012392,-0.028214,0.0024015,-0.025636
0.0072355,-0.027247,-0.0098447,-0.070109,0.0046573,-0.025958
0.0062687,-0.025314,0.013359,-0.16131,0.0020792,-0.026603
0.0059464,-0.023702,0.02915,-0.21094,0.01787,-0.024991
0.0059464,-0.025314,-0.0072666,-0.091701,0.048808,-0.024025
0.0098136,-0.018546,0.020771,0.1558,0.044296,-0.020802
0.0085246,-0.022091,0.019159,0.24733,0.0036905,-0.026925
0.0088468,-0.027247,-0.0014658,0.12841,0.00014558,-0.02757
0.010136,-0.024347,0.030761,-0.10717,0.016581,-0.025314
0.016259,-0.014034,0.067822,-0.024991,0.045585,-0.018868
0.016904,-0.020157,-0.0056553,0.034306,0.034628,-0.019191
0.011103,-0.025636,0.011747,0.0036905,0.033339,-0.024025
0.010136,-0.024025,0.013681,-0.024025,0.019159,-0.03047
0.011103,-0.023058,0.0085246,-0.05883,0.0091691,-0.029503
0.010458,-0.02048,0.023027,-0.047228,0.035917,-0.02757
0.006591,-0.02338,0.020771,-0.025958,0.040751,-0.024669
0.0098136,-0.029181,0.013036,-0.015968,0.01078,-0.030148
0.012714,-0.030148,0.014003,-0.017579,0.030439,-0.024991
0.0072355,-0.029825,0.013359,0.00079012,0.061054,-0.02338
0.0059464,-0.024025,0.014325,0.01078,0.060088,-0.023702
0.01207,-0.016612,0.010136,-0.017901,0.024316,-0.023058
0.020771,-0.017901,0.006591,0.058476,0.016581,-0.024991
0.021093,-0.019191,0.01078,-0.010489,0.0040128,-0.024347
0.016904,-0.016935,0.031406,-0.050773,0.013036,-0.027892
0.013359,-0.019835,0.031406,-0.039171,0.02496,-0.025314
0.01207,-0.020802,0.025927,-0.076554,-0.0027548,-0.028859
0.0088468,-0.020802,0.020449,-0.044327,-0.0030771,-0.028536
0.0085246,-0.022413,0.011747,-0.050773,0.003046,-0.02757
0.006591,-0.025314,0.0027237,-0.049162,0.012714,-0.029825
0.0043351,-0.026603,-0.0027548,0.017226,0.010136,-0.035304
0.011747,-0.02757,-0.0037216,0.014325,0.0072355,-0.03047
0.015292,-0.022735,0.017548,-0.10137,0.021738,-0.025958
0.013036,-0.019835,0.02206,-0.10556,0.019804,-0.030792
0.0085246,-0.024025,0.015937,0.045585,0.026894,-0.026925
0.00788,-0.025314,0.012714,0.033984,0.036884,-0.024669
0.0088468,-0.015646,0.031406,0.032695,0.037851,-0.029503
0.0082023,-0.015646,0.030439,0.067177,0.047197,-0.023058
0.0040128,-0.024025,0.014648,0.034306,0.032372,-0.02628
0.0091691,-0.024991,0.012392,-0.011778,0.015292,-0.029181
0.01787,-0.019191,0.018515,-0.052062,0.013036,-0.027892
0.01787,-0.02048,0.011425,-0.046583,-0.00049895,-0.026603
0.01078,-0.020802,0.015937,-0.043361,-0.0040439,-0.021446
0.00788,-0.023702,0.01207,-0.0069443,0.020449,-0.017901
0.00788,-0.024991,0.012714,-0.047228,0.015937,-0.022091
0.006591,-0.024347,0.018837,-0.10072,0.011425,-0.024025
0.0091691,-0.021124,0.016581,-0.022413,0.026249,-0.02757
0.0085246,-0.020802,0.019804,0.006591,0.022704,-0.026925
0.0094914,-0.019835,0.026572,-0.032404,0.031083,-0.022091
0.0085246,-0.020802,0.016259,0.025283,0.034306,-0.020157
0.011425,-0.023702,0.013036,0.0036905,0.03624,-0.018868
0.015614,-0.024669,0.01207,-0.050773,0.026249,-0.020802
0.013359,-0.024347,0.016581,0.017226,0.013681,-0.02338
0.01078,-0.023058,0.013681,-0.016935,0.0020792,-0.027247
0.010136,-0.023702,0.020126,-0.014034,-0.001788,-0.029503
0.00788,-0.02338,0.019804,-0.020157,0.0036905,-0.028536
0.010458,-0.021769,0.026572,-0.041105,-0.011456,-0.028859
0.006591,-0.024347,0.012392,-0.0088779,-0.011456,-0.035626
0.0069132,-0.023702,0.015614,0.0020792,0.018515,-0.032404
0.01078,-0.02338,0.019159,-0.0046884,0.037206,-0.02628
0.012392,-0.021124,0.018515,0.027538,0.095215,-0.020157
0.017226,-0.019191,0.025927,-0.0059775,0.10553,-0.019513
0.010458,-0.023058,0.01078,-0.088478,0.030761,-0.029181
0.0094914,-0.027247,0.0075578,-0.10395,0.017548,-0.032404
0.014325,-0.022735,0.006591,0.036562,0.04913,-0.024025
0.01497,-0.022735,0.00788,0.071045,0.022704,-0.025314
0.0091691,-0.02338,0.026894,0.017548,0.03205,-0.027247
0.010458,-0.025636,0.01497,-0.049806,0.023993,-0.028859
0.0098136,-0.023702,0.015614,-0.11619,0.003046,-0.029181
0.0098136,-0.021124,0.020771,-0.10105,0.0059464,-0.02757
0.0085246,-0.022735,0.0088468,-0.05883,0.0062687,-0.027247
0.0094914,-0.024347,0.0091691,0.096182,0.017548,-0.026925
0.012714,-0.020157,0.019804,0.12519,0.031728,-0.019513
0.0098136,-0.018224,0.020771,-0.014034,0.0069132,-0.021769
0.0088468,-0.021769,0.011425,-0.073654,-0.0082334,-0.028214
0.013036,-0.022091,0.013359,-0.044327,-0.012423,-0.023702
0.010136,-0.023702,0.014648,0.026249,-0.032081,-0.031759
0.00788,-0.024669,0.016581,0.016904,0.01207,-0.035304
0.0094914,-0.028536,0.011103,-0.0095225,0.088447,-0.025958
0.010136,-0.024347,0.010458,-0.063986,0.047197,-0.024991
0.011103,-0.022735,0.0088468,-0.090734,0.011103,-0.025314
0.00788,-0.02338,0.010136,-0.052384,0.021738,-0.025636
0.0059464,-0.023702,0.025605,0.020771,0.029794,-0.029825
0.0072355,-0.024347,0.026572,0.05622,0.051064,-0.026925
0.014648,-0.022413,0.0049796,0.010136,0.051709,-0.021446
0.021415,-0.014034,-0.019835,0.010136,0.045585,-0.010812
0.0098136,-0.017901,0.057187,-0.075265,0.014003,-0.025314
0.0056242,-0.025958,0.065888,0.01078,0.018837,-0.030792
0.0088468,-0.02757,0.0059464,0.11971,0.027216,-0.02628
0.011747,-0.022735,0.025283,0.10456,0.013359,-0.024991
0.0091691,-0.021124,0.017548,-0.036271,0.0069132,-0.026603
0.0088468,-0.023058,0.018193,-0.073654,0.030117,-0.024669
0.012392,-0.022413,0.01497,-0.092668,0.028183,-0.022091
0.015292,-0.02048,0.018193,-0.029503,0.015937,-0.019191
0.013681,-0.02048,0.012392,-0.05174,0.01078,-0.022735
0.012392,-0.024347,0.0072355,-0.048839,-0.0072666,-0.028214
0.010136,-0.02338,0.01078,-0.044005,-0.0037216,-0.034015
0.011425,-0.02338,0.016581,-0.07881,0.011425,-0.025958
0.0098136,-0.023702,0.031728,-0.05464,0.018515,-0.029503
0.0085246,-0.021769,0.010136,-0.050128,0.023027,-0.031437
0.0088468,-0.026925,-0.015323,-0.022091,0.022704,-0.029181
0.0072355,-0.028214,0.0088468,0.024638,0.02206,-0.033048
0.0085246,-0.025636,0.026572,0.037529,0.033017,-0.031437
0.0085246,-0.024025,0.0082023,-0.0059775,0.023027,-0.025314
0.0075578,-0.028859,0.00014558,-0.028536,0.010458,-0.03047
0.0094914,-0.026603,0.0082023,-0.069787,0.01078,-0.028214
0.011747,-0.022413,0.011747,-0.061085,0.0069132,-0.025958
0.013359,-0.018224,0.025605,-0.0079111,0.012714,-0.024991
0.012714,-0.015323,0.02206,-0.0027548,0.015292,-0.025314
0.0088468,-0.022413,0.012392,0.039462,0.019159,-0.026603
0.011103,-0.024025,0.014648,0.01078,0.015937,-0.027247
0.0088468,-0.022735,0.01497,-0.018868,0.011747,-0.026603
0.010136,-0.022091,0.011103,-0.047872,0.014003,-0.023058
0.010458,-0.022735,0.0082023,-0.050128,0.010136,-0.027892
0.011425,-0.020802,0.016259,-0.030792,0.013036,-0.026925
0.013681,-0.018546,0.026572,-0.023702,0.0062687,-0.022735
0.012714,-0.021769,0.021093,-0.0027548,0.00788,-0.023702
0.010136,-0.02048,0.019804,-0.03047,0.028505,-0.024347
0.0088468,-0.020157,0.022704,-0.02628,0.048808,-0.027247
0.0053019,-0.020157,0.018837,-0.054318,0.064599,-0.023058
0.0033683,-0.022413,0.01207,-0.010167,0.051709,-0.029503
0.0056242,-0.025314,0.015292,0.050097,0.026572,-0.033048
0.0091691,-0.026603,0.015614,0.058476,0.033662,-0.027892
0.016259,-0.023058,0.015937,0.053964,0.046552,-0.019835
0.016581,-0.018224,0.006591,0.049775,0.076846,-0.0085557
0.011425,-0.015968,0.036562,-0.041749,0.05622,-0.017901
0.01207,-0.016935,0.048164,-0.091701,-0.0037216,-0.031437
0.01787,-0.025314,0.021415,0.0040128,-0.00049895,-0.02757
0.014003,-0.027247,0.01787,0.0046573,-0.00082122,-0.030148
0.014003,-0.024025,0.016904,-0.069464,0.0046573,-0.028536
0.013036,-0.019191,-0.0033994,-0.09299,0.013036,-0.021124
0.011103,-0.018546,-0.005333,-0.038849,0.012714,-0.02338
0.0033683,-0.024347,0.047519,0.015614,0.023671,-0.02628
0.0014347,-0.024991,0.027216,-0.028536,0.033984,-0.027892
0.0040128,-0.026925,0.0027237,-0.0079111,-0.0030771,-0.031114
0.0069132,-0.024991,0.013036,-0.015001,-0.03756,-0.034659
0.01497,-0.022413,0.014325,-0.06463,-0.036593,-0.031437
0.018837,-0.02338,0.0085246,-0.13166,0.0040128,-0.025958
0.012392,-0.024025,0.006591,-0.027892,0.080068,-0.024025
0.012714,-0.02628,0.010136,0.091025,0.09457,-0.026925
0.0098136,-0.024025,0.016904,0.041718,0.034306,-0.026603
0.013359,-0.019513,0.025927,0.01787,0.058798,-0.020157
0.015292,-0.016612,0.019804,0.09457,0.060088,-0.018224
0.013036,-0.02048,0.015937,0.029472,0.051386,-0.018868
0.011425,-0.019835,0.018837,-0.039171,0.012392,-0.016612
0.01078,-0.020802,0.016581,-0.063019,-0.0082334,-0.025314
0.0062687,-0.023702,0.013681,0.050097,0.0053019,-0.031437
0.0059464,-0.027892,0.012392,-0.031114,0.00788,-0.029181
0.0098136,-0.025314,0.022382,-0.028859,0.0072355,-0.031437
0.0075578,-0.025958,0.017548,-0.032404,0.0094914,-0.027892
0.006591,-0.02628,0.013681,-0.074621,0.018837,-0.03047
0.0075578,-0.024025,0.0098136,-0.078488,0.028183,-0.028214
0.01078,-0.02338,-0.001788,-0.011778,0.021093,-0.028214
0.010458,-0.024669,-0.0014658,0.034306,0.022382,-0.027247
0.010458,-0.022413,0.012392,0.038173,0.022704,-0.027892
0.012392,-0.019835,0.021738,0.006591,0.013681,-0.022735
0.011747,-0.021446,0.02496,0.00079012,0.00046785,-0.027247
0.0075578,-0.024025,0.0098136,-0.020802,-0.012745,-0.02757
0.0094914,-0.021769,0.01207,-0.039816,-0.0024326,-0.025958
0.0072355,-0.023058,0.017548,-0.036271,0.0017569,-0.025314
0.011103,-0.021124,0.023993,-0.024991,0.019482,-0.024669
0.011425,-0.021124,0.016581,-0.067531,0.023993,-0.031114
0.010136,-0.022735,0.01497,-0.063664,0.049775,-0.028859
0.011747,-0.020802,0.027861,0.031083,0.079746,-0.019513
0.01207,-0.022091,0.0062687,0.058476,0.035595,-0.024347
0.015292,-0.023702,0.01497,-0.075265,0.018193,-0.019835
0.013036,-0.018224,0.027861,-0.083967,0.040429,-0.016612
0.011425,-0.021769,0.010458,-0.054318,0.025927,-0.024025
0.012714,-0.021769,0.0075578,-0.025636,0.00079012,-0.028536
0.00788,-0.01629,0.014325,-0.022413,0.0043351,-0.034982
0.00788,-0.021124,0.040107,-0.018868,0.003046,-0.035626
0.0056242,-0.024991,0.019804,0.025605,0.017548,-0.030148
0.0069132,-0.026925,0.00046785,-0.039816,0.035917,-0.029181
0.0091691,-0.025314,0.018837,-0.095568,0.032695,-0.024025
0.010136,-0.022413,0.00046785,-0.072365,0.015614,-0.022735
0.0088468,-0.028859,-0.0085557,0.066211,-0.0024326,-0.024669
0.006591,-0.023058,0.036562,0.0091691,-0.0062998,-0.029503
0.0088468,-0.021769,0.02915,0.00788,0.014648,-0.034659
0.014648,-0.018546,0.022704,0.072656,0.033339,-0.028536
0.0091691,-0.019191,0.040751,0.14871,0.054609,-0.025636
0.011103,-0.024669,0.033017,0.02915,0.057509,-0.028536
0.01497,-0.016935,0.031083,-0.057541,0.071045,-0.021769
0.014648,-0.014679,0.04333,-0.065597,0.048486,-0.020157
0.016259,-0.023702,-0.0043662,-0.075265,-0.0024326,-0.023058
0.015937,-0.022735,0.013036,-0.059474,0.011103,-0.021446
0.010458,-0.023702,0.0094914,-0.026603,0.011425,-0.025636
0.0056242,-0.02757,-0.0011435,-0.0079111,0.0075578,-0.029503
0.00788,-0.025958,-0.0027548,-0.063019,-0.0024326,-0.030148
0.011103,-0.023058,0.00014558,-0.1365,-0.0040439,-0.024669
0.011103,-0.022735,0.011425,-0.12038,0.0088468,-0.022735
0.010458,-0.025314,0.016904,-0.0056553,0.015937,-0.027247
0.011103,-0.023058,0.016259,0.088769,0.032695,-0.023702
0.013036,-0.025636,0.016259,0.018837,0.035595,-0.024669
0.0088468,-0.032726,0.016581,0.0014347,0.015937,-0.027892
0.01078,-0.029181,0.015292,0.050742,0.0094914,-0.024991
0.011747,-0.024025,0.015614,0.047197,0.010458,-0.025636
0.011747,-0.018546,0.017548,0.092314,0.042363,-0.023702
0.0072355,-0.022091,0.013359,-0.024669,0.02915,-0.025958
0.00788,-0.017579,0.018515,-0.12586,-0.015323,-0.02757
0.01207,-0.016935,0.017226,0.0049796,0.003046,-0.024991
0.01207,-0.022413,0.014648,-0.036593,0.018515,-0.026925
0.013681,-0.019191,0.021738,-0.026925,0.048486,-0.024025
0.014003,-0.020157,0.018193,-0.014034,0.068144,-0.019191
0.01078,-0.021446,0.012392,-0.07172,0.018193,-0.024347
0.0069132,-0.024991,0.014325,0.052031,0.024638,-0.03047
0.0094914,-0.024669,0.024316,0.063955,0.033017,-0.02628
0.013036,-0.020802,0.025283,-0.031437,0.020449,-0.025636
0.0091691,-0.022735,0.0094914,-0.05883,0.024316,-0.024347
0.01078,-0.023058,0.0098136,-0.032404,0.016259,-0.025314
0.0056242,-0.026925,0.0062687,-0.034659,0.015614,-0.029181
0.0082023,-0.024991,0.0075578,-0.094924,0.023349,-0.027892
0.0085246,-0.02048,0.013036,-0.13843,0.026894,-0.029503
0.0072355,-0.019191,0.02496,-0.0024326,0.017548,-0.03047
0.0072355,-0.023058,0.030761,0.048486,0.0056242,-0.030148
0.0091691,-0.025636,0.0046573,-0.05174,-0.0082334,-0.031759
0.0091691,-0.02628,-0.0040439,-0.01629,-0.0043662,-0.028536
0.011103,-0.02048,0.021093,-0.037882,0.0094914,-0.027247
0.0098136,-0.022735,0.034951,0.10972,0.04333,-0.025314
0.011747,-0.020157,0.027538,0.073945,0.058154,-0.020802
0.011747,-0.017901,0.026894,-0.039493,0.042685,-0.022735
0.012392,-0.019191,0.018837,-0.0056553,0.027861,-0.026603
0.011747,-0.023058,0.014325,-0.00017668,0.025605,-0.024991
0.013681,-0.019835,0.014003,-0.080099,0.020126,-0.02628
0.01078,-0.021124,0.013359,-0.10943,0.018837,-0.028214
0.0088468,-0.025958,0.01078,0.026572,0.026249,-0.028859
0.012392,-0.023058,0.01207,0.14517,0.03914,-0.025958
0.01497,-0.019835,0.015292,0.026249,0.042685,-0.024669
0.013359,-0.022091,0.013036,-0.02048,0.025927,-0.023702
0.012714,-0.02338,0.0088468,-0.016935,0.01497,-0.024025
0.012392,-0.022091,0.014325,-0.029825,0.0011124,-0.02628
0.012714,-0.02338,0.0085246,-0.043361,-0.0011435,-0.025636
0.011103,-0.02338,0.0020792,-0.09299,0.00046785,-0.024347
0.0040128,-0.023058,0.032372,-0.14971,-0.0095225,-0.029503
0.0017569,-0.028214,0.011103,-0.12747,-0.021769,-0.034982
0.0033683,-0.028859,0.0053019,-0.20159,-0.026603,-0.033048
0.0049796,-0.025636,0.021738,-0.041105,0.0069132,-0.029503
0.0098136,-0.021446,0.025605,0.18319,0.055576,-0.026925
0.0091691,-0.023058,0.021415,0.12196,0.045908,-0.024991
0.014325,-0.019513,0.025927,0.12035,0.028827,-0.019191
0.021415,-0.015646,0.027861,0.076846,0.058476,-0.011456
0.019159,-0.02048,0.028505,-0.019835,0.064922,-0.015968
0.016259,-0.02048,0.024638,-0.061085,0.013036,-0.025636
0.013359,-0.023058,0.0046573,-0.12361,0.02496,-0.029181
0.011425,-0.021124,0.013681,-0.15873,0.047197,-0.024991
0.0072355,-0.022413,0.0075578,0.022704,0.030117,-0.021769
0.0094914,-0.018546,0.026894,0.16192,0.027861,-0.024347
0.0098136,-0.018868,0.015937,0.026572,0.022704,-0.027892
0.00788,-0.024669,0.015292,-0.0027548,0.018515,-0.03337
0.0088468,-0.029181,0.026249,-0.050451,-0.00017668,-0.035304
0.0069132,-0.029503,0.00046785,-0.060119,0.00014558,-0.029825
0.0053019,-0.028859,0.0036905,-0.098791,0.0017569,-0.025636
0.010136,-0.025958,0.010458,-0.1481,-0.015968,-0.029825
0.010136,-0.021769,0.025283,-0.0079111,0.006591,-0.031437
0.00788,-0.017579,0.026572,0.17449,0.038173,-0.024669
0.010136,-0.020157,0.01207,0.043974,0.021093,-0.026925
0.0091691,-0.025636,-0.0046884,-0.025958,0.016259,-0.022091
0.0085246,-0.023058,0.0088468,-0.073332,-0.019513,-0.021769
0.0033683,-0.02338,0.011103,-0.099758,-0.031437,-0.029825
0.0056242,-0.024347,0.014003,-0.065597,0.053642,-0.024347
0.01207,-0.02757,0.0091691,0.052031,0.11262,-0.021446
0.018193,-0.020802,0.013036,-0.0056553,0.090703,-0.024025
0.021093,-0.013067,0.034628,0.079424,0.10553,-0.016935
0.019804,-0.015323,0.017226,0.055898,0.066855,-0.016612
0.013681,-0.021769,-0.0056553,0.01078,0.021093,-0.021124
0.0082023,-0.024669,0.042363,-0.047228,0.0033683,-0.029181
0.0069132,-0.026603,0.02496,-0.13972,-0.016935,-0.034337
0.0072355,-0.024025,0.012392,-0.075265,-0.013712,-0.030148
0.011425,-0.019835,0.019804,0.0017569,0.0056242,-0.026603
0.0094914,-0.022091,-0.00082122,-0.035949,0.0014347,-0.03337
0.0043351,-0.029181,0.00046785,-0.071398,-0.016612,-0.033048
0.006591,-0.029181,0.025927,-0.0062998,-0.026925,-0.034659
0.01207,-0.020802,0.020126,0.047841,-0.0021103,-0.027892
0.01497,-0.01629,0.031406,0.02496,0.05332,-0.018868
0.013036,-0.020802,0.028505,0.011103,0.06331,-0.024991
0.016259,-0.017901,0.029794,-0.05464,0.050742,-0.021769
0.018193,-0.017901,0.023993,-0.015001,0.033662,-0.019191
0.014648,-0.018546,0.020771,0.0011124,0.03624,-0.022413
0.013036,-0.021769,0.01207,-0.015323,0.018837,-0.022413
0.013681,-0.022735,0.0059464,-0.12006,0.003046,-0.023702
0.0082023,-0.03047,-0.0040439,-0.10137,0.014003,-0.024669
0.0017569,-0.031759,-0.0037216,0.050419,-0.011456,-0.035304
0.0014347,-0.028536,0.0049796,0.0082023,-0.026603,-0.040138
0.0020792,-0.025958,0.029472,-0.096535,-0.015646,-0.034982
0.006591,-0.021769,-0.0024326,-0.083967,-0.021446,-0.032726
0.006591,-0.025314,0.00788,-0.048517,-0.011456,-0.028214
0.011103,-0.021124,0.03205,0.17836,0.035273,-0.023058
0.019159,-0.017901,0.021415,0.10134,0.062988,-0.016612
0.021415,-0.018868,0.023349,0.036562,0.070722,-0.011134
0.023349,-0.018224,0.025605,0.013681,0.023671,-0.018224
0.015937,-0.019835,0.022704,-0.032081,0.0094914,-0.032081
0.011747,-0.019835,0.019159,0.0069132,0.054287,-0.027892
0.0069132,-0.021124,0.006591,-0.044005,0.066533,-0.026925
0.0049796,-0.018868,0.014325,-0.089123,0.064599,-0.024669
0.0085246,-0.017901,0.035273,0.0088468,0.058798,-0.02048
0.0049796,-0.022413,0.019804,0.066533,0.038818,-0.024669
0.00788,-0.023058,0.0056242,-0.02628,0.02206,-0.02628
0.0082023,-0.023058,0.00788,-0.098146,0.0043351,-0.03047
0.0069132,-0.025636,0.0011124,-0.12103,0.00046785,-0.032404
0.0043351,-0.031437,0.0011124,-0.094924,-0.015646,-0.036593
0.003046,-0.033693,0.0020792,-0.024991,-0.015646,-0.034015
0.012714,-0.023702,0.020449,0.050742,0.0024015,-0.023702
0.018837,-0.012101,0.031728,0.045263,0.028183,-0.018224
0.016259,-0.014679,0.033662,-0.0033994,0.042685,-0.020802
0.011747,-0.020802,0.029794,0.064599,0.052353,-0.023058
0.01207,-0.021124,0.026249,-0.0066221,0.00079012,-0.027892
0.013681,-0.019835,0.027538,-0.059474,-0.013712,-0.026925
0.0094914,-0.024347,0.016581,-0.091379,-0.0011435,-0.025636
0.0094914,-0.023702,-0.005333,-0.10943,-0.0069443,-0.028859
0.012392,-0.023058,0.0098136,-0.06173,0.0040128,-0.025314
0.012392,-0.02338,0.00788,0.047197,0.037529,-0.02048
0.01078,-0.024025,0.0043351,0.039462,0.06041,-0.021769
0.0085246,-0.021446,0.018837,-0.070431,0.037529,-0.024669
0.0043351,-0.027892,0.016581,-0.077199,-0.02757,-0.035626
0.0024015,-0.031759,0.00079012,-0.12167,-0.036271,-0.037238
0.012714,-0.022735,0.013681,-0.084289,0.032372,-0.02757
0.011103,-0.021124,0.0062687,0.020771,0.071689,-0.02757
0.012392,-0.024347,0.0069132,0.13066,0.069756,-0.021769
0.013036,-0.021124,0.028183,0.13937,0.052675,-0.023702
0.014003,-0.01629,0.06041,0.15387,0.031728,-0.022735
0.016581,-0.016612,0.034306,0.043007,0.04333,-0.015001
0.016904,-0.018224,0.02496,-0.086222,0.046552,-0.016935
0.013681,-0.017257,0.019482,-0.12618,0.021738,-0.023702
0.010136,-0.024025,0.011103,-0.067853,0.015937,-0.028536
0.0059464,-0.025314,0.01078,0.08039,0.023027,-0.028214
0.006591,-0.030148,0.0082023,0.056543,0.026249,-0.031437
0.0046573,-0.032726,-0.00017668,0.0059464,0.019482,-0.035304
0.0062687,-0.030792,-0.0024326,-0.094924,-0.00049895,-0.033693
0.0027237,-0.029503,-0.00049895,-0.12618,-0.0098447,-0.031759
0.006591,-0.025958,0.025927,-0.069464,-0.0043662,-0.031437
0.0069132,-0.02338,0.025283,0.03205,0.014003,-0.029181
0.0049796,-0.029181,-0.0050107,-0.025314,0.015614,-0.031437
0.0056242,-0.028859,0.0049796,-0.14584,-0.025636,-0.038849
0.011747,-0.022735,0.01787,-0.067853,-0.015001,-0.031759
0.028183,-0.0027548,0.058476,0.12196,0.075556,-0.0066221
0.027861,0.0014347,0.049775,0.085869,0.11036,-0.0027548
0.017548,-0.0098447,0.023027,-0.039493,0.051709,-0.012101
0.013681,-0.018546,0.023027,-0.06173,0.0069132,-0.020157
0.00788,-0.023058,0.011425,-0.065919,0.00788,-0.029181
0.0094914,-0.022735,0.0049796,0.0027237,0.006591,-0.02757
0.010458,-0.021446,0.0014347,-0.015323,0.010136,-0.029181
0.0062687,-0.026925,-0.016935,-0.09299,-0.0033994,-0.031759
0.0091691,-0.029825,-0.015968,-0.075588,0.0017569,-0.028536
0.0062687,-0.031437,0.025927,-0.053673,0.0069132,-0.030148
0.012392,-0.024669,0.039785,-0.045294,0.018837,-0.02628
0.014003,-0.022091,0.015614,-0.13392,0.015292,-0.02628
0.014648,-0.011778,0.031728,0.058798,0.030761,-0.025314
0.011103,-0.018868,0.039462,0.18416,0.034306,-0.024347
0.010136,-0.023058,0.023349,0.1355,0.03205,-0.02338
0.0094914,-0.024991,0.00788,0.025283,0.024316,-0.02757
0.0053019,-0.025636,0.0059464,-0.014034,-0.0088779,-0.034659
0.0014347,-0.026925,0.00046785,-0.030148,-0.026925,-0.035626
0.00788,-0.025636,0.00788,-0.028536,0.017226,-0.026603
0.011425,-0.025636,0.0094914,-0.023058,0.02915,-0.024025
0.011747,-0.024669,0.013036,-0.026925,-0.019191,-0.029503
0.015292,-0.018868,0.027538,0.072334,0.031406,-0.02048
0.013359,-0.019513,0.031406,0.10972,0.078135,-0.022091
0.014003,-0.017901,0.020771,-0.0079111,0.068789,-0.024669
0.014325,-0.022735,-0.0059775,-0.084289,0.079424,-0.019835
0.011103,-0.020157,0.032372,-0.076554,0.04623,-0.026603
0.01078,-0.021124,0.038173,-0.072687,0.0059464,-0.02757
0.0085246,-0.029503,0.014648,-0.063341,-0.023702,-0.030792
0.0072355,-0.026925,0.0049796,-0.15325,-0.03047,-0.026603
0.00788,-0.024991,0.0091691,-0.13553,-0.02048,-0.02757
0.0069132,-0.023702,0.023993,0.0017569,0.053964,-0.026603
0.0094914,-0.024991,0.015292,0.054609,0.1023,-0.024669
0.01078,-0.021446,0.022382,0.091025,0.05622,-0.025314
0.011747,-0.021769,0.014325,0.0675,0.038173,-0.023702
0.0094914,-0.019835,0.018837,-0.052706,0.0088468,-0.024347
0.0072355,-0.021446,0.012392,-0.045939,-0.0027548,-0.028214
0.0085246,-0.02338,0.011425,-0.073332,-0.0030771,-0.029825
0.0075578,-0.024025,0.010458,-0.022091,0.021415,-0.028859
0.00788,-0.028536,0.0014347,0.062021,0.037206,-0.034337
0.012392,-0.032081,-0.0021103,-0.012745,0.018837,-0.028536
0.010458,-0.026925,0.00079012,-0.11104,-0.0037216,-0.027247
0.015614,-0.023058,0.023349,-0.052384,-0.0066221,-0.025958
0.021738,-0.016935,0.030439,0.082969,0.013036,-0.019191
0.012392,-0.022091,0.019482,-0.080744,0.023027,-0.026603
0.006591,-0.031114,0.0036905,-0.019513,0.040751,-0.035304
0.0085246,-0.024347,0.0017569,0.045908,0.041074,-0.027892
0.014003,-0.015968,-0.0043662,-0.0859,0.041718,-0.018546
0.01787,-0.0098447,0.030439,-0.039493,0.038496,-0.01339
0.012392,-0.01339,0.052353,0.052998,0.030117,-0.021446
0.0085246,-0.020802,0.013681,-0.01629,0.030761,-0.023702
0.0091691,-0.020802,0.017548,-0.031759,0.011103,-0.022413
0.010458,-0.020157,0.017548,-0.019513,0.0046573,-0.024347
0.013036,-0.021124,0.012714,-0.03047,0.0036905,-0.028536
0.0049796,-0.02757,0.015614,0.00014558,-0.0098447,-0.032081
0.0024015,-0.026925,0.024316,-0.035626,-0.017901,-0.034982
0.0049796,-0.024991,0.00014558,-0.09299,-0.013712,-0.031759
0.010136,-0.017901,0.027861,-0.028859,0.0040128,-0.021124
0.015614,-0.015968,0.036562,0.028183,0.022704,-0.019513
0.0098136,-0.021124,0.019482,-0.053351,0.011103,-0.022735
0.0088468,-0.022091,0.012392,-0.079455,0.02206,-0.023058
0.011425,-0.02338,0.012714,0.018837,0.031083,-0.024669
0.013359,-0.024025,0.014325,0.11584,0.052675,-0.025958
0.010458,-0.025958,0.0072355,-0.045617,0.053642,-0.031114
0.011103,-0.03047,-0.001788,-0.010167,0.054287,-0.032726
0.0098136,-0.02628,0.0056242,-0.040783,0.044296,-0.032404
0.010458,-0.02338,0.023027,0.026249,0.0056242,-0.035949
0.0062687,-0.028214,0.022382,0.077168,-0.0088779,-0.034337
0.0091691,-0.022735,0.015292,0.018193,0.0088468,-0.02628
0.01497,-0.015323,0.0082023,-0.045939,0.026894,-0.018868
0.0069132,-0.021446,0.012392,-0.11007,0.0014347,-0.018546
0.0043351,-0.02628,0.0011124,-0.11297,-0.036593,-0.02757
0.0085246,-0.028214,0.010458,-0.067853,-0.021446,-0.029181
0.012392,-0.024347,0.025605,0.073945,0.023671,-0.024669
0.018193,-0.015323,0.059443,0.22541,0.088769,-0.01629
0.018837,-0.012745,0.022704,-0.0075889,0.091992,-0.012423
0.01787,-0.017901,0.0088468,-0.047872,0.080713,-0.011456
0.014325,-0.016612,0.012392,-0.025636,0.043974,-0.020157
0.006591,-0.02048,-0.0021103,-0.13972,-0.013067,-0.025636
-0.0024326,-0.024991,0.045908,-0.17098,-0.022413,-0.03047
-0.0014658,-0.024669,0.02915,-0.077199,0.0036905,-0.030148
0.010136,-0.024025,0.014325,0.12067,-0.0024326,-0.022413
0.01787,-0.019835,0.024316,0.15451,-0.0040439,-0.021769
0.018193,-0.025314,-0.001788,-0.023702,0.01787,-0.032726
0.0094914,-0.031114,0.0075578,-0.027892,0.050097,-0.040783
0.010136,-0.026603,0.0098136,0.028505,0.10198,-0.032404
0.0069132,-0.026603,0.0053019,0.05332,0.11262,-0.034659
-0.00049895,-0.026925,0.0049796,-0.030792,0.038496,-0.048195
0.0014347,-0.029503,0.006591,-0.037882,0.018193,-0.042072
0.014648,-0.018868,0.029794,-0.11716,0.018515,-0.019513
0.019159,-0.011778,0.03205,-0.054318,0.021738,-0.013067
0.01497,-0.016612,0.016904,-0.11265,0.011425,-0.013712
0.011425,-0.02048,0.024638,-0.043361,-0.028214,-0.024669
0.016904,-0.016935,0.023671,0.034628,-0.0033994,-0.022735
0.016259,-0.016612,0.020449,0.14452,0.044941,-0.015001
0.0082023,-0.021769,0.0088468,0.018837,0.023349,-0.024669
0.0049796,-0.025314,0.019159,0.0072355,0.018837,-0.029181
0.00788,-0.025314,0.0082023,-0.026925,0.025283,-0.024669
0.01207,-0.024669,0.0053019,-0.061408,0.021415,-0.025636
0.011103,-0.025958,0.0043351,-0.07172,0.017548,-0.028214
0.015937,-0.022091,0.018515,-0.022413,0.00079012,-0.022735
0.0094914,-0.025958,0.01497,0.012714,-0.027892,-0.03047
0.0094914,-0.025636,0.016259,-0.11748,-0.015646,-0.028859
0.0098136,-0.022091,0.020449,-0.033048,0.023349,-0.024347
0.0062687,-0.023702,0.016904,0.017226,0.034306,-0.027247
0.003046,-0.029503,0.003046,-0.018868,0.016904,-0.033048
0.010136,-0.02757,-0.0043662,0.013681,0.019159,-0.026603
0.013036,-0.021446,0.0091691,0.031406,0.019159,-0.019191
0.014325,-0.018224,0.034951,-0.12489,0.016581,-0.02048
0.016904,-0.017901,0.045263,-0.19934,0.019159,-0.018546
0.016581,-0.02048,0.015614,-0.023702,-0.001788,-0.024347
0.01207,-0.024347,0.015614,0.0062687,-0.011134,-0.028859
0.0062687,-0.027892,0.011103,0.028183,0.0027237,-0.025314
0.0059464,-0.022413,0.015937,0.016581,0.021093,-0.025314
0.006591,-0.020157,0.021093,0.032695,0.034628,-0.026925
0.0024015,-0.024669,0.0020792,-0.05883,0.02206,-0.034659
0.0040128,-0.025636,0.0011124,-0.061408,0.045263,-0.025958
0.012392,-0.024347,0.0059464,-0.0046884,0.050097,-0.02048
0.0069132,-0.024347,0.018837,-0.019835,0.0040128,-0.028859
0.0091691,-0.018224,0.014325,-0.039493,-0.011134,-0.031437
0.011747,-0.016935,0.016904,-0.010489,0.00046785,-0.029825
0.011103,-0.016612,0.042041,0.11487,0.038496,-0.028536
0.015614,-0.01629,0.033017,0.062343,0.078457,-0.024669
0.011103,-0.020157,0.013359,-0.063664,0.062988,-0.025314
0.0098136,-0.021446,0.016904,-0.10137,0.016259,-0.02628
0.010458,-0.023058,0.020126,-0.014679,0.012392,-0.029181
0.0069132,-0.031437,0.0027237,0.063633,-0.012745,-0.03047
0.0085246,-0.026925,0.015292,0.12647,-0.0069443,-0.026925
0.0094914,-0.028214,0.019159,0.033339,0.013681,-0.025314
0.013036,-0.025636,0.02206,0.036562,0.055898,-0.025636
0.015614,-0.019191,0.015614,-0.00017668,0.099082,-0.016612
0.018837,-0.01339,0.028827,0.031406,0.08039,-0.017901
0.0091691,-0.02048,0.012392,-0.11587,0.041074,-0.029181
0.0040128,-0.025958,0.0036905,-0.045294,0.030761,-0.034982
0.0027237,-0.027892,-0.0024326,0.078135,0.0056242,-0.040138
0.010136,-0.027247,0.014648,0.090703,0.024316,-0.027892
0.012392,-0.022735,0.012714,-0.14165,0.022382,-0.02048
0.017548,-0.022413,-0.0030771,-0.23253,0.02496,-0.016612
0.018515,-0.02048,0.0094914,-0.098469,0.015292,-0.019513
0.014648,-0.018546,0.030439,-0.0072666,0.014003,-0.024991
0.016259,-0.016935,0.031406,0.078135,0.022382,-0.016935
0.016581,-0.015646,0.033984,-0.043361,0.0043351,-0.018868
0.013036,-0.016935,0.023993,-0.021124,-0.005333,-0.029181
0.013681,-0.02048,0.0085246,-0.0027548,0.0024015,-0.027892
0.015937,-0.016612,0.060732,-0.0059775,0.0075578,-0.025958
0.014003,-0.023702,0.0043351,-0.086545,0.027861,-0.025314
0.011103,-0.026603,0.012714,-0.034982,0.027861,-0.028214
0.0075578,-0.027247,0.023671,-0.013067,-0.0014658,-0.030792
0.0033683,-0.03047,-0.01339,-0.082355,-0.030792,-0.029825
0.0040128,-0.021769,0.016259,-0.11394,-0.038527,-0.034015
0.0062687,-0.022735,0.011747,-0.07591,-0.0024326,-0.031759
0.0033683,-0.030148,0.0098136,-0.07591,0.03205,-0.029503
0.0056242,-0.02628,-0.0037216,0.064277,0.047519,-0.024669
0.0094914,-0.021446,0.0085246,0.038818,0.018837,-0.023058
0.0098136,-0.020157,0.025283,0.033662,0.023349,-0.025958
0.012392,-0.019835,0.021093,0.027861,0.097471,-0.022735
0.010136,-0.021769,0.035595,0.11358,0.068467,-0.024991
0.0091691,-0.02628,0.020449,0.097148,0.04333,-0.030792
0.0085246,-0.02628,0.00788,0.0062687,0.044619,-0.027892
0.0075578,-0.028859,-0.0040439,-0.07172,0.019159,-0.028214
0.013359,-0.025958,0.0014347,-0.11297,-0.014034,-0.023058
0.015937,-0.019835,0.015937,-0.011456,-0.035304,-0.02338
0.014325,-0.013712,0.051064,-0.052062,-0.034337,-0.028214
0.012392,-0.014357,0.040751,-0.022091,-0.035626,-0.027247
0.0049796,-0.022735,-0.0021103,-0.049162,0.0088468,-0.027247
0.0091691,-0.022091,0.0049796,-0.069464,0.10907,-0.020802
0.012714,-0.017579,0.0094914,0.067822,0.062666,-0.024669
0.0094914,-0.023702,0.025927,-0.02338,0.016259,-0.030792
0.010458,-0.026925,0.031406,-0.21739,0.010458,-0.027247
0.014003,-0.019513,0.020126,-0.02757,0.026572,-0.023058
0.0059464,-0.028536,0.0049796,0.23637,0.048486,-0.03047
0.0056242,-0.029181,0.0098136,0.15516,0.0046573,-0.034337
0.01207,-0.018224,0.024638,-0.03337,-0.010812,-0.029503
0.01078,-0.016935,0.025605,-0.04465,-0.0030771,-0.024669
0.012392,-0.022735,0.006591,-0.031759,0.0020792,-0.023058
0.016259,-0.018868,0.018837,0.046875,0.097471,-0.017257
0.012714,-0.023058,0.011747,-0.0043662,0.12905,-0.02048
0.013036,-0.018868,0.013681,-0.0027548,0.073301,-0.019513
0.015292,-0.02048,0.012714,-0.079133,0.011425,-0.018868
0.01207,-0.024025,0.0075578,-0.06882,-0.030792,-0.024669
0.011103,-0.022735,0.021415,-0.059796,-0.032404,-0.031114
0.0091691,-0.026603,0.0056242,-0.11071,-0.018868,-0.030148
0.0082023,-0.023058,0.0033683,-0.045617,0.020771,-0.029503
0.0062687,-0.02338,0.028183,0.04623,0.033017,-0.036271
0.0040128,-0.03047,0.014003,0.014648,0.048808,-0.038527
0.0049796,-0.029825,0.0020792,-0.044327,0.0675,-0.033048
0.0072355,-0.027247,-0.0069443,-0.07172,0.055254,-0.028536
0.01787,-0.021124,-0.0069443,-0.10846,0.055254,-0.019191
0.015614,-0.019191,0.018837,-0.075265,0.013359,-0.024025
0.011425,-0.015001,0.060732,-0.059152,-0.024669,-0.02757
0.01207,-0.019513,0.024638,0.059443,-0.020157,-0.018546
0.0024015,-0.029503,0.0088468,0.11391,-0.039493,-0.032726
0.0088468,-0.024347,0.013681,0.034951,-0.00049895,-0.032726
0.013359,-0.019835,0.02915,-0.024025,0.041074,-0.02048
0.020449,-0.011134,0.043007,0.11455,0.08458,-0.014357
0.012392,-0.018224,0.021093,0.079746,0.067822,-0.02048
0.0094914,-0.024669,0.014325,-0.16389,-0.015646,-0.022735
0.0088468,-0.024991,0.011747,-0.065275,-0.035304,-0.02338
0.012392,-0.018868,0.014325,0.057509,0.0011124,-0.021769
0.012714,-0.018546,0.020126,0.02496,0.034628,-0.018546
0.013036,-0.025314,0.017226,-0.025958,0.052675,-0.028536
0.015292,-0.021769,0.023671,0.0014347,0.054931,-0.027247
0.0088468,-0.023702,0.0088468,-0.064953,0.043007,-0.023702
0.0098136,-0.024025,0.017548,-0.067209,0.023027,-0.022413
0.0062687,-0.023702,0.015937,-0.0075889,-0.0037216,-0.027892
0.0069132,-0.023702,0.0056242,0.013359,-0.0095225,-0.031759
0.0082023,-0.02338,0.014325,-0.063986,0.02206,-0.029503
0.0085246,-0.019513,0.021415,-0.049806,0.030439,-0.027892
0.0062687,-0.020157,0.011425,-0.13714,-0.00049895,-0.032081
0.0036905,-0.028214,-0.0092002,-0.16808,-0.012745,-0.035949
0.0059464,-0.027247,0.0085246,-0.018224,0.0036905,-0.032404
0.014648,-0.019191,0.030117,0.072978,0.039462,-0.019191
0.016581,-0.017579,0.030117,0.18448,0.075556,-0.017901
0.014648,-0.019513,0.013036,0.072978,0.059443,-0.023702
0.012714,-0.019835,0.013681,-0.068498,0.003046,-0.025636
0.0075578,-0.024025,0.0043351,-0.02628,0.0059464,-0.024347
0.0072355,-0.028214,-0.0066221,-0.03047,0.0075578,-0.02628
0.0075578,-0.023702,0.015292,0.0020792,-0.0059775,-0.035304
0.006591,-0.02338,0.041718,-0.005333,0.0043351,-0.031114
0.0094914,-0.024991,0.022382,-0.066242,0.02496,-0.02628
0.011425,-0.025636,0.0098136,-0.052706,0.028505,-0.026925
0.011103,-0.023058,0.0072355,-0.0085557,0.021738,-0.025636
0.0088468,-0.023058,0.01497,-0.0088779,0.020449,-0.029825
0.0069132,-0.025958,0.01078,-0.062697,-0.005333,-0.035949
0.003046,-0.027892,-0.0095225,0.066211,-0.014679,-0.031759
0.0049796,-0.030792,-0.017257,0.047519,-0.005333,-0.026925
0.0056242,-0.02338,0.038173,-0.097824,-0.017257,-0.025636
0.014325,-0.017579,0.034951,-0.10717,-0.0037216,-0.021446
0.016259,-0.016612,0.024638,-0.0050107,0.01787,-0.023702
0.020771,-0.01339,0.024638,-0.11523,0.041718,-0.025314
0.015937,-0.019835,0.02915,-0.030792,0.040107,-0.024991
0.013681,-0.022413,0.028827,0.11584,0.04913,-0.022413
0.015614,-0.020802,0.024638,0.044296,0.072656,-0.020802
0.01207,-0.024669,0.0091691,-0.061408,0.019804,-0.029181
0.012714,-0.024991,0.00788,0.03624,0.033662,-0.030792
0.0094914,-0.025636,0.014325,0.041074,0.10198,-0.025314
0.012392,-0.022413,0.018515,-0.15454,0.05332,-0.023702
0.01078,-0.021769,0.014648,-0.066242,0.040429,-0.028859
0.0098136,-0.024669,0.003046,-0.021124,0.02915,-0.032081
0.0088468,-0.028859,0.0046573,-0.024025,-0.021446,-0.032726
0.013359,-0.024025,0.022704,-0.087511,-0.00049895,-0.023702
0.015937,-0.015001,0.0098136,0.0017569,0.065888,-0.013067
0.018193,-0.018546,0.0049796,0.12873,0.074912,-0.012101
0.017226,-0.019191,0.056543,0.15451,0.042363,-0.015001
0.018193,-0.016935,0.03914,0.023349,0.017226,-0.014357
0.015614,-0.015323,0.028827,-0.09299,0.0014347,-0.014679
0.0091691,-0.021124,0.012714,-0.032726,-0.022735,-0.028859
0.0062687,-0.022735,0.011747,-0.027892,-0.029181,-0.034659
0.0024015,-0.026925,0.0088468,-0.045617,-0.026925,-0.038527
0.0056242,-0.025314,0.011747,-0.024991,0.006591,-0.038849
0.0053019,-0.027892,-0.00082122,-0.028859,0.014648,-0.039171
0.0075578,-0.021446,0.011103,-0.084289,0.021093,-0.03337
0.0036905,-0.025958,0.026572,-0.0092002,0.018515,-0.031759
0.0053019,-0.027247,0.0072355,0.0036905,0.042041,-0.025958
0.012392,-0.025314,-0.0098447,-0.17323,0.02496,-0.022091
0.01207,-0.020802,0.020449,-0.041749,0.015614,-0.022091
0.0017569,-0.029181,0.026572,0.088447,0.042363,-0.032726
0.0036905,-0.027892,0.020449,0.18513,0.023671,-0.029181
0.016904,-0.016612,0.011747,0.17127,0.035917,-0.016935
0.020449,-0.014034,0.025927,-0.020802,0.064277,-0.012101
0.018193,-0.012423,0.026572,-0.12232,0.051064,-0.019835
0.006591,-0.015968,0.013036,-0.14069,0.043007,-0.028859
0.0056242,-0.017579,0.039785,0.036884,0.02915,-0.027892
0.011425,-0.020157,0.025927,0.014648,0.02206,-0.020802
0.014003,-0.021124,0.0094914,-0.035626,0.01207,-0.021769
0.01207,-0.025636,-0.0021103,-0.15035,-0.00082122,-0.026603
0.010136,-0.028214,-0.0056553,-0.1062,0.0033683,-0.030792
0.011103,-0.024025,0.00014558,0.037529,0.021738,-0.030148
0.014325,-0.02048,-0.0043662,0.11906,0.028183,-0.026603
0.010136,-0.024025,0.032695,-0.044327,0.02496,-0.029825
0.011103,-0.025314,0.040751,-0.066242,0.030117,-0.024991
0.0094914,-0.025314,0.0094914,0.072978,0.013359,-0.027892
0.0049796,-0.025636,0.014325,0.043974,0.011103,-0.027892
0.0069132,-0.020157,0.025605,-0.060119,0.012714,-0.021446
0.01207,-0.018868,0.018837,-0.151,0.0094914,-0.019191
0.010458,-0.021124,0.018515,-0.068175,0.0082023,-0.027247
0.011425,-0.017901,0.026249,-0.0014658,0.006591,-0.030148
0.0072355,-0.024347,0.0014347,-0.035626,0.0036905,-0.03337
0.0091691,-0.02338,0.016259,-0.0033994,0.0053019,-0.031759
0.0094914,-0.019191,0.014325,-0.01339,0.00014558,-0.031437
0.006591,-0.02628,0.0046573,-0.041105,-0.0040439,-0.031759
0.011103,-0.02757,0.0056242,-0.038849,-0.00017668,-0.028214
0.0098136,-0.029181,0.01497,-0.019191,0.010136,-0.024347
0.011747,-0.033048,0.014325,0.015614,0.029472,-0.025314
0.0085246,-0.031437,0.0075578,0.03624,0.039785,-0.031437
0.0036905,-0.025958,-0.0024326,-0.012745,0.0062687,-0.034337
0.0091691,-0.022735,0.010136,-0.024025,-0.0027548,-0.031759
0.013359,-0.019835,0.021415,-0.044972,-0.00017668,-0.024669
0.015292,-0.014679,0.028827,0.021415,0.025927,-0.02048
0.01207,-0.017901,0.027538,0.02915,0.095859,-0.019513
0.0072355,-0.024347,0.014325,-0.14778,0.06331,-0.022735
0.010458,-0.022735,0.020126,-0.077199,0.013036,-0.023702
0.011747,-0.022091,0.026249,0.026894,0.021093,-0.022091
0.015614,-0.020157,0.02206,0.11358,0.028827,-0.025636
0.015614,-0.022413,0.018515,0.083613,0.05622,-0.021769
0.019159,-0.016935,0.031406,0.0053019,0.061054,-0.019835
0.013681,-0.020802,0.021738,-0.049484,0.00788,-0.028536
0.0059464,-0.024991,0.0072355,-0.083,-0.0066221,-0.034982
0.0082023,-0.021446,0.01207,-0.084611,0.0094914,-0.033693
0.013681,-0.019835,0.036884,0.069111,0.058154,-0.019835
0.014325,-0.024669,0.017226,0.003046,0.059121,-0.023058
0.016581,-0.029825,-0.0030771,-0.013712,0.037206,-0.019513
0.015937,-0.032081,-0.013067,-0.02048,0.018837,-0.015968
0.0059464,-0.030792,0.030439,-0.020157,-0.005333,-0.031437
0.0046573,-0.034337,0.033339,-0.067853,-0.0066221,-0.036593
0.0040128,-0.042394,-0.0033994,-0.034659,-0.012423,-0.033048
0.0017569,-0.029181,0.00788,-0.046906,-0.014679,-0.036915
0.0043351,0.0027237,0.013681,-0.039493,0.0059464,-0.03047
0.011103,-0.0066221,0.030117,0.017548,-0.0027548,-0.019191
0.014003,-0.02048,0.016259,0.040751,0.052031,-0.015646
0.0094914,-0.016612,0.026894,0.0088468,0.10392,-0.022413
0.0082023,-0.022091,0.0059464,0.015614,0.03624,-0.029181
0.012714,0.0040128,0.0085246,0.04333,0.027861,-0.022735
0.015614,0.020771,0.028505,-0.010812,0.031406,-0.018868
0.014648,-0.0092002,0.033662,-0.12393,0.030439,-0.020157
0.010136,-0.025958,0.015937,-0.1423,0.016904,-0.02757
0.01078,-0.02338,0.012714,-0.12103,-0.0069443,-0.029181
0.011425,-0.022735,0.011425,-0.077843,-0.00049895,-0.030792
0.011425,-0.026603,0.013036,0.048486,0.033017,-0.027247
0.0072355,-0.031437,0.0094914,0.14259,0.045908,-0.027892
0.0082023,-0.030792,0.011425,0.15161,0.047197,-0.028859
0.010136,-0.030148,0.015614,0.042363,0.023993,-0.026925
0.00788,-0.028214,0.015614,-0.044005,-0.020157,-0.033048
0.0072355,-0.026603,0.019159,-0.11716,-0.041105,-0.032081
0.010136,-0.028214,0.012392,-0.12296,-0.0092002,-0.025636
0.011747,-0.028859,0.0059464,-0.091701,0.0072355,-0.019513
0.011103,-0.024025,0.026894,-0.039493,0.038173,-0.019513
0.0085246,-0.02338,0.023671,-0.088156,0.04623,-0.023702
0.0053019,-0.021769,0.014648,-0.049806,0.011747,-0.032081
0.0085246,-0.019835,0.021415,0.037529,-0.015323,-0.033693
0.0082023,-0.024669,0.003046,-0.18999,-0.062052,-0.034982
0.0082023,-0.027892,0.0017569,-0.1771,-0.064308,-0.033693
0.014648,-0.02338,0.011425,0.064277,0.031406,-0.019513
0.020449,-0.02338,0.019482,0.31017,0.1529,-0.0082334
0.016904,-0.025958,0.054287,0.27246,0.17836,-0.0082334
0.013359,-0.022091,0.055576,0.037206,0.077168,-0.02048
0.0094914,-0.028214,0.0046573,0.00014558,0.00788,-0.031114
0.011103,-0.033048,-0.0040439,0.01078,0.024638,-0.029181
0.010136,-0.027892,0.021093,-0.03756,0.031728,-0.032726
0.0059464,-0.02757,0.011103,-0.063341,0.028505,-0.031759
0.0088468,-0.023058,0.013681,-0.030148,0.029794,-0.026603
0.0069132,-0.020802,0.0053019,-0.016612,0.010136,-0.031114
0.0072355,-0.021124,0.014648,-0.037882,0.015292,-0.030148
0.0053019,-0.021769,0.022382,-0.096857,0.011425,-0.028859
0.010136,-0.021446,0.021093,-0.017579,0.016581,-0.026925
0.0075578,-0.026603,0.0062687,0.059443,0.0033683,-0.028536
0.0062687,-0.028536,-0.0033994,-0.00049895,-0.039816,-0.033693
0.010136,-0.024669,0.0011124,-0.076877,-0.059152,-0.028536
0.017226,-0.019835,0.018837,-0.096857,-0.040138,-0.019835
0.023349,-0.0082334,0.020449,-0.10008,0.013036,-0.011456
0.01207,-0.01629,0.019804,-0.037882,0.069111,-0.019191
0.0088468,-0.017901,0.019482,-0.0011435,0.073301,-0.024025
0.013681,-0.015968,0.030761,0.082646,0.078135,-0.017901
0.0082023,-0.022091,0.026894,-0.057541,0.045263,-0.024669
0.0059464,-0.026603,0.0056242,-0.13134,0.022704,-0.025636
0.0059464,-0.023702,0.0091691,-0.080744,0.014003,-0.024669
0.011425,-0.021124,0.01497,-0.021446,0.016259,-0.027247
0.01078,-0.018546,0.014003,0.069433,0.02915,-0.027247
0.0082023,-0.023058,0.012392,0.014648,0.01207,-0.034659
0.00788,-0.026925,0.01207,-0.015323,0.010458,-0.034337
0.01078,-0.021769,0.022704,0.048808,0.0072355,-0.033693
0.013036,-0.019191,0.02496,-0.034982,0.0062687,-0.024991
0.013036,-0.021446,0.023349,-0.016612,0.01787,-0.024025
0.012392,-0.022735,0.014648,-0.064953,0.00788,-0.026925
0.01078,-0.024669,0.00046785,-0.046261,0.0059464,-0.027892
0.011425,-0.024669,0.0027237,0.063955,0.040751,-0.028536
0.006591,-0.02338,0.014648,0.040751,0.040429,-0.031114
0.0075578,-0.020157,0.038173,-0.0088779,0.016259,-0.024991
0.0094914,-0.021446,0.0082023,0.0072355,0.027861,-0.026925
0.0062687,-0.025958,0.00788,-0.035949,0.012714,-0.028214
0.0091691,-0.025958,0.0062687,-0.13907,-0.00082122,-0.02757
0.011425,-0.021124,0.0085246,-0.15164,0.011425,-0.023702
0.016259,-0.019191,0.022382,-0.071398,0.019159,-0.02048
0.011103,-0.016935,0.024316,0.086836,0.023671,-0.02048
0.010458,-0.018546,0.02206,0.1384,0.045263,-0.020802
0.010458,-0.022413,0.013359,0.028827,0.042041,-0.024991
0.011425,-0.027892,-0.0021103,-0.057541,0.023349,-0.028536
0.011425,-0.029825,-0.0040439,-0.037238,0.019804,-0.031759
0.016904,-0.022091,0.021415,-0.020157,0.033984,-0.022413
0.025927,-0.011456,0.042685,-0.023058,0.069756,-0.012745
0.020126,-0.0082334,0.044619,0.16192,0.086191,-0.018224
0.0085246,-0.020157,0.016259,0.020771,0.031083,-0.029825
0.010136,-0.02048,0.02496,-0.052384,0.00046785,-0.026603
0.012392,-0.024347,0.031083,-0.05174,0.0027237,-0.030792
0.012392,-0.027892,0.01207,-0.052062,0.0059464,-0.028214
0.0088468,-0.025958,0.01207,-0.011134,-0.0040439,-0.033693
0.0020792,-0.022413,0.022704,-0.073009,-0.016935,-0.037238
0.0046573,-0.021769,0.01207,-0.092668,-0.010167,-0.031759
0.0059464,-0.021769,0.014325,-0.032081,0.01078,-0.025636
0.0024015,-0.024025,0.018837,0.04333,0.022704,-0.028214
0.0024015,-0.022735,0.014648,0.039462,0.016904,-0.032081
0.0059464,-0.019513,0.014003,-0.083,0.021093,-0.024025
0.0056242,-0.021124,0.012714,-0.083322,0.021415,-0.02338
0.0075578,-0.025636,0.0053019,0.019482,0.020126,-0.022413
0.01078,-0.021124,0.00788,0.081357,0.023993,-0.021769
0.011747,-0.023058,0.0094914,0.0014347,0.00788,-0.027892
0.012714,-0.02338,0.020771,-0.066564,0.0040128,-0.024669
0.013036,-0.027247,0.016581,-0.12071,0.011103,-0.02338
0.012392,-0.031759,0.018515,0.039462,0.03914,-0.023058
0.015937,-0.034015,0.019804,-0.01339,0.048486,-0.021124
0.014003,-0.034337,0.017548,-0.097502,0.030761,-0.024347
0.011103,-0.02628,0.011425,-0.066564,0.019804,-0.028214
0.013359,-0.0062998,0.018515,0.0027237,0.01787,-0.028859
0.011747,-0.013712,0.01787,0.052998,0.021415,-0.025958
0.012392,-0.024669,0.0059464,0.018837,0.015937,-0.02757
0.0085246,-0.024991,0.013681,0.0072355,0.0049796,-0.029503
0.011747,-0.024025,0.02496,-0.11233,0.0059464,-0.028536
0.01207,-0.018224,0.00788,0.040429,0.016581,-0.025958
0.0072355,-0.025314,0.0082023,0.17707,0.026894,-0.028536
0.0062687,-0.030148,0.026572,-0.0030771,0.044619,-0.029181
0.014325,-0.022091,0.0053019,-0.098469,0.073945,-0.022735
0.014003,-0.014034,0.016904,-0.094601,0.03205,-0.024025
0.016904,-0.0098447,0.040107,-0.0082334,0.02496,-0.019513
0.011747,-0.022091,0.026894,0.055254,0.042685,-0.022413
0.0062687,-0.023702,0.015614,-0.037882,0.029794,-0.026603
0.0088468,-0.024669,0.012714,-0.060119,0.01497,-0.026603
0.0072355,-0.024347,0.0043351,-0.075588,0.0059464,-0.026603
0.013036,-0.017579,0.0062687,-0.029181,0.0098136,-0.025958
0.013681,-0.011456,0.014648,0.045908,0.033984,-0.023058
0.010458,-0.017257,0.0094914,0.0088468,0.033017,-0.025958
0.011103,-0.020802,0.003046,0.043974,0.022704,-0.029825
0.014325,-0.023058,0.035595,-0.034659,0.023349,-0.023058
0.013036,-0.025314,0.030761,-0.039816,0.01787,-0.02628
0.010136,-0.029503,0.0046573,0.00046785,0.0033683,-0.032081
0.011747,-0.02628,0.02915,-0.0046884,-0.0059775,-0.024025
0.0072355,-0.029825,0.027538,0.0091691,0.0046573,-0.027892
0.00788,-0.029181,0.01078,-0.013712,-0.0040439,-0.033693
0.0053019,-0.02628,-0.0030771,-0.11265,0.01497,-0.027892
0.0040128,-0.025314,-0.0021103,-0.10201,0.035273,-0.022413
0.0072355,-0.021769,0.018837,-0.045617,0.016581,-0.027247
0.0085246,-0.021769,0.026894,-0.034337,0.013359,-0.024669
0.013359,-0.018224,0.028505,-0.066886,0.033984,-0.022413
0.0085246,-0.02338,0.013036,-0.074621,-0.0098447,-0.02757
0.0091691,-0.023702,0.01497,0.017226,0.0098136,-0.02628
0.0082023,-0.021769,0.01787,-0.012423,0.052031,-0.024025
0.0094914,-0.023058,0.013681,0.16515,0.074912,-0.02338
0.0069132,-0.028536,0.013681,0.07459,0.067822,-0.02757
0.012714,-0.027247,0.020126,-0.16002,0.030117,-0.022413
0.016904,-0.018868,0.048486,0.023671,0.018837,-0.024991
0.01078,-0.024991,-0.00049895,0.085869,0.015937,-0.028214
0.0091691,-0.033048,-0.011456,0.031083,0.015292,-0.029825
0.0085246,-0.027247,0.015937,-0.046906,0.01207,-0.028859
0.0075578,-0.025314,0.01787,-0.019513,0.023027,-0.024669
0.013036,-0.016612,0.029794,-0.053673,0.023993,-0.024347
0.014003,0.0082023,0.026894,-0.010167,0.023027,-0.02048
0.013036,0.011425,0.023671,0.048808,0.003046,-0.021769
0.014648,-0.019835,0.006591,-0.013712,-0.017579,-0.021446
0.011747,-0.025314,0.0085246,-0.05464,0.0036905,-0.021446
0.01497,-0.018546,0.013359,-0.084289,0.03624,-0.02338
0.0098136,-0.021446,-0.00017668,-0.05883,0.043974,-0.031437
0.0027237,-0.024347,0.0059464,-0.093312,0.034628,-0.039171
-0.00017668,-0.027892,0.031083,-0.077521,0.014325,-0.036271
0.0027237,-0.027247,0.0040128,-0.076554,0.018837,-0.033693
0.0062687,-0.026603,0.018193,0.075556,0.016904,-0.030792
0.011103,-0.024347,0.023027,0.083291,0.018837,-0.022413
0.013681,-0.029181,-0.010167,-0.013712,0.027538,-0.021769
0.013681,-0.02628,0.0053019,0.097148,0.030439,-0.020802
0.011747,-0.024991,0.041396,0.023993,0.037529,-0.024347
0.006591,-0.031759,0.014003,-0.1091,-0.0027548,-0.030792
0.0056242,-0.029503,0.0036905,-0.097502,-0.023058,-0.03047
0.012392,-0.021124,0.014003,-0.012423,0.003046,-0.02338
0.014325,-0.016935,0.030439,0.048486,0.033662,-0.019513
0.016581,-0.017579,0.049775,0.013681,0.045585,-0.020157
0.015937,-0.021446,0.03624,-0.035304,0.045263,-0.019191
0.01078,-0.022413,0.01787,-0.024991,0.029472,-0.024025
0.011425,-0.025636,0.0049796,0.0091691,0.026894,-0.024025
0.014325,-0.026603,0.01207,-0.036593,0.032695,-0.023702
0.013681,-0.02757,0.0059464,-0.027247,0.029794,-0.027247
0.014325,-0.024347,0.019159,-0.035626,0.033662,-0.024669
0.016581,-0.01629,0.020449,-0.023702,0.033017,-0.022413
0.011747,-0.019191,0.0098136,-0.032726,0.0094914,-0.026603
0.011103,-0.024025,0.011103,-0.044327,0.006591,-0.025314
0.010136,-0.022735,0.01787,-0.0050107,0.013036,-0.023702
0.011425,-0.022413,0.0049796,0.0072355,0.006591,-0.024025
0.011103,-0.024669,-0.0066221,-0.012745,-0.0069443,-0.026603
0.00788,-0.025636,0.027216,-0.052384,-0.011456,-0.028859
0.0043351,-0.026603,0.023027,-0.00082122,-0.0046884,-0.034015
0.0049796,-0.021446,0.016904,0.067822,-0.0011435,-0.03337
0.0059464,-0.021124,0.021415,0.049775,0.027216,-0.032726
0.0062687,-0.021446,0.01207,0.01787,0.063955,-0.031437
0.013036,-0.02338,0.010136,0.0091691,0.069111,-0.024347
0.020126,-0.019191,0.012392,-0.12489,0.040107,-0.027892
0.011425,-0.019835,0.014648,-0.10588,0.017226,-0.036915
0.010458,-0.019513,0.022704,0.034628,0.028183,-0.029825
0.0053019,-0.021769,0.0085246,-0.010489,0.015937,-0.032081
0.0072355,-0.023702,0.015937,-0.059474,0.015614,-0.029825
0.0072355,-0.024991,0.021415,-0.11233,0.0027237,-0.025958
0.0059464,-0.024991,0.00788,-0.046906,-0.018224,-0.026925
0.0069132,-0.02338,0.012714,-0.077843,-0.022413,-0.02757
0.012714,-0.018546,0.022382,-0.13875,-0.0095225,-0.022735
0.01207,-0.017901,0.020771,-0.052384,0.03624,-0.020802
0.013359,-0.019191,0.013036,0.13872,0.07749,-0.019835
0.011747,-0.022735,0.01078,0.12583,0.023349,-0.024025
0.0088468,-0.024991,0.018515,0.028183,0.0059464,-0.028859
0.006591,-0.025958,0.02496,-0.11426,0.026249,-0.026603
0.015937,-0.017579,0.028183,-0.097502,0.032372,-0.017579
0.018193,-0.016935,0.033017,0.13389,0.057187,-0.016935
0.013036,-0.019191,0.02206,0.055254,0.059121,-0.021124
0.014003,-0.019513,0.01787,0.10746,0.050419,-0.017579
0.013681,-0.023702,0.016259,0.064599,0.048808,-0.016935
0.011103,-0.024347,0.014648,-0.065275,0.028827,-0.019835
0.00788,-0.024347,0.011103,-0.026603,0.013681,-0.024669
0.01078,-0.023058,0.01207,-0.03337,0.011425,-0.027892
0.012714,-0.021124,0.012714,-0.049806,0.016581,-0.024669
0.010136,-0.024025,0.01078,-0.052384,0.026894,-0.025958
0.0091691,-0.023058,0.013681,-0.035304,0.01207,-0.028214
0.0085246,-0.024669,0.01207,-0.017579,0.011103,-0.028536
0.010458,-0.02628,0.014325,-0.014679,0.017548,-0.028536
0.0098136,-0.026603,0.015937,-0.02628,0.011425,-0.02757
0.006591,-0.019835,0.015292,-0.025314,0.0056242,-0.032726
0.0040128,-0.017579,0.015292,-0.02048,0.0011124,-0.031759
0.0082023,-0.025958,0.0017569,-0.045939,-0.00049895,-0.030792
0.0098136,-0.025314,0.0040128,-0.033693,0.01497,-0.029503
0.0053019,-0.025314,0.018515,-0.016612,0.01787,-0.031114
0.00788,-0.023702,0.024316,-0.0059775,0.0094914,-0.029503
0.013359,-0.024347,0.013681,-0.094279,0.0043351,-0.027247
0.012392,-0.02338,0.0046573,-0.080099,0.0088468,-0.023702
0.011425,-0.02338,-0.011134,0.059443,0.031083,-0.02628
0.0075578,-0.02338,0.016581,0.030439,0.037206,-0.03047
0.0062687,-0.020802,0.042041,-0.068498,0.025927,-0.03337
0.0072355,-0.024991,0.027861,-0.041105,0.034951,-0.028859
0.0056242,-0.022735,0.035273,-0.025636,0.041074,-0.025636
0.00788,-0.022413,0.025927,0.14678,0.034306,-0.024991
0.011747,-0.02048,0.013681,0.015937,0.043974,-0.018546
0.01497,-0.017901,0.013681,-0.10201,0.031406,-0.016612
0.014648,-0.015968,0.029794,-0.073976,0.014648,-0.018868
0.012392,-0.018868,0.018515,-0.022413,0.0098136,-0.022735
0.01497,-0.020802,0.014648,-0.021124,0.0020792,-0.024025
0.014325,-0.023058,0.01787,-0.035304,0.022704,-0.025958
0.011103,-0.02048,0.015292,-0.048195,0.028183,-0.028536
0.010458,-0.021446,0.014648,-0.0021103,0.023027,-0.030792
0.012714,-0.021124,0.013359,0.061054,0.025605,-0.024347
0.011747,-0.024669,0.00079012,0.0040128,0.0056242,-0.024347
0.006591,-0.022413,-0.011778,-0.0098447,-0.0046884,-0.02757
0.0069132,-0.02757,0.023027,-0.031759,-0.0056553,-0.033048
0.01078,-0.025636,0.023349,0.016259,0.014648,-0.028536
0.013359,-0.023058,0.0069132,0.067177,0.055576,-0.028859
0.0069132,-0.026603,0.0082023,-0.018868,0.054287,-0.033693
0.012392,-0.024669,0.017226,-0.072043,0.022382,-0.024669
0.016581,-0.020157,0.034951,-0.049806,0.028183,-0.020802
0.011103,-0.02048,0.0091691,-0.10169,0.031728,-0.021124
0.0094914,-0.021446,0.016581,-0.065919,0.015292,-0.025314
0.0069132,-0.024347,0.015937,0.012392,0.019804,-0.029825
0.0085246,-0.021769,0.020771,0.095537,0.030439,-0.032726
0.01207,-0.022735,0.024638,0.046552,0.043007,-0.023058
0.014648,-0.021769,0.029472,-0.059152,0.035917,-0.019835
0.011103,-0.024991,0.017548,-0.03337,0.012714,-0.027247
0.0094914,-0.025958,0.0024015,-0.11394,-0.020157,-0.028214
0.0082023,-0.021769,0.0040128,-0.21964,-0.02628,-0.029181
0.0091691,-0.02338,0.017226,-0.098469,-0.021446,-0.036271
0.00788,-0.021446,0.02206,0.097148,-0.012101,-0.032081
0.0094914,-0.022413,0.01207,0.010458,0.015614,-0.022091
0.016259,-0.018224,0.023349,0.086191,0.051709,-0.013067
0.016581,-0.017579,0.023993,0.089736,0.061054,-0.0088779
0.014325,-0.022413,0.012714,0.010136,0.0675,-0.015323
0.012714,-0.021769,0.014325,-0.022735,0.06331,-0.02757
0.00788,-0.020802,0.020771,0.017548,0.043007,-0.032404
0.010458,-0.019835,0.021415,0.052031,0.064277,-0.027892
0.0091691,-0.022735,0.017226,0.019159,0.041074,-0.02757
0.0082023,-0.024025,0.010458,-0.045617,-0.034015,-0.022413
0.014325,-0.02048,0.014325,-0.07881,-0.053673,-0.020157
0.011425,-0.022413,0.01207,-0.044327,-0.050451,-0.030792
0.0072355,-0.02757,0.00788,-0.036271,-0.00049895,-0.032404
0.0059464,-0.02628,0.0075578,-0.016612,0.070078,-0.034982
0.0036905,-0.026925,0.0014347,0.011747,0.096182,-0.044972
0.0049796,-0.025958,0.00079012,0.003046,0.095859,-0.037238
0.0053019,-0.029181,0.01207,-0.029181,0.064599,-0.031759
0.010136,-0.02338,0.031083,0.038496,0.050419,-0.020802
0.015614,-0.013067,0.037851,0.038173,0.013359,-0.014679
0.0088468,-0.017901,0.017226,-0.067209,-0.0066221,-0.022413
0.0098136,-0.018546,0.023349,-0.089123,0.010458,-0.024669
0.011747,-0.020802,0.033339,-0.043361,0.018193,-0.02338
0.011747,-0.022735,0.022704,-0.053029,0.0049796,-0.023702
0.015937,-0.019513,0.020449,-0.0095225,0.0049796,-0.022735
0.011425,-0.021446,0.025283,0.026894,0.025605,-0.022091
0.011103,-0.021446,0.023027,0.013036,0.026572,-0.017257
0.0091691,-0.025958,-0.025636,-0.039493,0.0082023,-0.025314
0.010458,-0.021769,0.01078,-0.06463,0.006591,-0.02338
0.013036,-0.021124,0.017548,-0.043683,0.0020792,-0.021446
0.011425,-0.023058,0.014003,-0.05174,0.003046,-0.025314
0.0053019,-0.024347,0.010458,-0.062052,0.0088468,-0.026925
0.0027237,-0.028536,0.0033683,-0.024991,0.013681,-0.033048
0.0053019,-0.028536,0.010458,0.051709,0.025283,-0.033693
0.012714,-0.024025,0.011103,0.032372,0.024638,-0.028536
0.013036,-0.022091,0.016581,-0.01629,0.016259,-0.026925
0.014325,-0.02628,0.0094914,-0.021446,0.010458,-0.026925
0.017226,-0.024991,0.016581,0.069433,0.023027,-0.028536
0.01497,-0.016612,0.026249,0.0036905,0.030761,-0.022735
0.013359,-0.020157,0.019804,-0.036271,0.010458,-0.020157
0.0091691,-0.020802,0.02496,-0.011778,0.0011124,-0.026603
0.0049796,-0.019513,0.016904,-0.05464,-0.0014658,-0.03756
0.0072355,-0.019513,0.016581,-0.076554,0.0043351,-0.031114
0.0075578,-0.022091,0.02915,-0.028859,0.00788,-0.034015
0.013359,-0.02048,0.02496,-0.080744,0.0024015,-0.03337
0.018515,-0.019835,0.020771,-0.039816,0.003046,-0.030148
0.01207,-0.024347,0.0040128,-0.031114,0.012714,-0.027247
0.0072355,-0.024025,0.016581,0.071367,0.015937,-0.025958
0.00788,-0.021124,0.027216,0.0098136,0.034306,-0.025636
0.012392,-0.02048,0.032695,-0.001788,0.03624,-0.02338
0.0098136,-0.022735,0.022704,0.0014347,0.035273,-0.023702
0.0075578,-0.02628,0.011425,-0.0014658,0.058476,-0.021446
0.0085246,-0.025314,0.010136,-0.014357,0.059443,-0.023702
0.0075578,-0.024347,0.006591,-0.023702,0.025283,-0.026603
0.011747,-0.024347,0.012714,-0.010167,0.028827,-0.026603
0.0053019,-0.022413,0.013681,-0.04755,0.031083,-0.024025
0.003046,-0.024669,0.011103,-0.084611,0.0082023,-0.029825
0.0091691,-0.025636,0.0094914,-0.10588,-0.0040439,-0.02628
0.015292,-0.019191,0.018515,-0.095568,0.00788,-0.019191
0.014325,-0.017579,0.011747,0.069756,0.028183,-0.02048
0.015292,-0.022413,0.0062687,0.089092,0.048164,-0.024025
0.014003,-0.024347,0.0082023,0.0088468,0.047519,-0.02338
0.011103,-0.02338,0.00788,-0.005333,0.037206,-0.022735
0.011747,-0.022091,0.017548,0.026572,0.036884,-0.02338
0.011747,-0.019513,0.017548,0.10198,0.03914,-0.018546
0.0072355,-0.022413,-0.00082122,-0.038204,0.022382,-0.026925
0.0082023,-0.024347,-0.0066221,-0.061085,0.016581,-0.029181
0.0094914,-0.02338,0.031083,-0.053996,0.021093,-0.028536
0.011425,-0.02048,0.037851,-0.058185,0.018837,-0.028536
0.013036,-0.019835,0.020449,-0.029181,0.015292,-0.02628
0.010136,-0.019191,0.021415,0.0069132,0.014648,-0.027247
0.0085246,-0.020802,0.027861,-0.0021103,0.010136,-0.027247
0.0082023,-0.021124,0.020449,-0.068175,0.0053019,-0.024669
0.012392,-0.017901,0.0094914,-0.019191,0.0085246,-0.02048
0.013036,-0.022413,-0.0014658,0.040751,0.0098136,-0.023058
0.012392,-0.019191,0.03205,0.078135,0.022704,-0.024347
0.0098136,-0.023702,0.043007,-0.031114,0.011425,-0.031437
0.0085246,-0.029825,0.010458,-0.099435,-0.0033994,-0.031114
0.0094914,-0.032726,0.0069132,-0.050451,-0.0072666,-0.029825
0.0062687,-0.030792,0.0053019,0.0094914,0.0046573,-0.032081
0.0094914,-0.015323,0.023027,-0.024025,0.073301,-0.023058
0.010136,-0.014034,0.021093,-0.069787,0.06331,-0.025636
0.011103,-0.022735,0.014325,-0.10846,0.036562,-0.02757
0.012392,-0.031437,0.023671,0.0049796,0.043652,-0.027247
0.015292,-0.030792,0.034306,0.095537,0.047197,-0.018546
0.01078,-0.025958,0.019159,0.049453,0.03914,-0.025314
0.0082023,-0.025636,0.003046,-0.046261,0.0082023,-0.028536
0.0069132,-0.022091,0.0072355,-0.015323,0.0017569,-0.028859
0.0075578,-0.024991,0.0046573,-0.037238,-0.0011435,-0.028214
0.0072355,-0.030792,-0.0046884,-0.067531,0.00788,-0.030792
0.006591,-0.01339,0.006591,-0.001788,0.041074,-0.029825
0.01207,0.0033683,0.021415,0.11455,0.037529,-0.021769
0.014648,-0.019835,0.023993,0.04913,0.016259,-0.020802
0.011747,-0.020802,0.034951,-0.060763,-0.0040439,-0.021124
0.0072355,-0.022735,0.023027,-0.024991,-0.022413,-0.031437
0.0082023,-0.022413,0.020449,-0.10846,-0.012101,-0.026603
0.01078,-0.018224,0.02496,-0.089445,0.013359,-0.026603
0.006591,-0.028859,0.0072355,-0.016612,0.051386,-0.028859
0.0056242,-0.036593,-0.00017668,0.078779,0.078779,-0.03047
