0.0033683,0.028183,0.020126,0.020126,0.13034,-0.011778
-0.017901,0.055576,0.025283,-0.024347,0.064599,-0.013712
-0.0011435,-0.0040439,0.02496,-0.0082334,0.017548,-0.016612
0.018837,-0.050773,0.043007,-0.064308,-0.028214,-0.020157
0.037529,-0.05174,0.01497,-0.077843,-0.0082334,-0.027892
0.038173,-0.022413,0.017226,0.015292,-0.017901,-0.027892
0.0062687,0.051064,0.0017569,-0.026603,-0.065597,-0.037882
0.016259,0.061377,0.013359,-0.044327,-0.063986,-0.029825
0.0072355,-0.077843,0.015292,-0.029503,-0.034015,-0.024669
0.0069132,-0.094279,0.013036,-0.026925,-0.056574,-0.03337
0.011103,-0.09589,0.012714,-0.02628,-0.035626,-0.028859
0.0091691,-0.047872,0.010458,-0.047872,-0.0043662,-0.038527
0.0069132,-0.039493,0.019482,-0.03337,-0.0082334,-0.036915
0.016259,-0.043361,0.027538,0.015292,0.0085246,-0.033693
0.01207,-0.048517,0.012392,-0.025314,0.0056242,-0.029503
0.0085246,-0.077843,0.003046,0.0085246,0.040107,-0.018224
0.015614,-0.054962,-0.0056553,0.0056242,-0.020157,-0.024347
0.0024015,0.048486,-0.014357,-0.032081,-0.054318,-0.025636
0.020126,0.062021,-0.0046884,0.0056242,0.058154,-0.022091
0.023349,-0.052706,-0.017257,-0.014034,0.082969,-0.027892
-0.0037216,-0.061408,0.0027237,-0.005333,0.041396,-0.02757
0.011747,0.0014347,0.089092,0.034306,0.10746,-0.017579
-0.0011435,0.061699,0.044296,0.048486,0.20962,-0.015968
-0.0046884,0.042363,-0.01339,-0.025636,0.057832,-0.02048
0.0082023,-0.058185,0.039462,-0.021769,-0.010489,-0.025958
0.027538,-0.063664,0.01207,-0.023702,0.022382,-0.029503
0.029472,0.030117,0.0059464,-0.050451,0.036884,-0.028214
0.0049796,0.048486,0.04623,-0.036271,-0.01339,-0.036915
0.0027237,-0.031114,0.056543,-0.047228,-0.05174,-0.040783
0.018837,-0.12747,0.021093,-0.085578,-0.048839,-0.030148
0.014325,-0.10588,0.013036,-0.031759,-0.019191,-0.024991
0.0056242,-0.037882,0.0046573,0.0088468,0.033984,-0.028214
0.012392,-0.017579,0.013681,-0.014679,0.043007,-0.032726
0.015614,-0.018546,0.013681,-0.03047,0.023027,-0.02628
0.012392,-0.016612,0.01078,-0.018546,0.033662,-0.022735
0.0091691,-0.021446,0.0098136,-0.012423,0.038818,-0.028214
0.010136,-0.018546,0.0069132,-0.021124,-0.039816,-0.024025
0.0072355,-0.017257,0.0072355,-0.014034,-0.067209,-0.024669
0.0053019,-0.015001,0.0043351,-0.018224,-0.044005,-0.026925
0.0088468,-0.014034,0.0056242,-0.026603,0.06331,-0.032726
0.0091691,-0.0079111,0.014003,-0.038527,0.054931,-0.038849
0.013681,0.012392,0.027538,-0.015323,0.10295,-0.025636
0.0072355,0.038173,0.031406,0.025927,0.1558,-0.019835
0.00788,0.00788,0.030439,-0.026603,0.013681,-0.015001
0.0098136,-0.060763,0.02496,-0.025958,0.050742,-0.0088779
0.014325,-0.061085,0.012714,-0.014357,0.040751,-0.005333
0.017548,0.015292,0.0017569,0.0027237,0.040751,-0.0092002
-0.0014658,0.051386,-0.0062998,-0.00082122,0.028505,-0.015968
-0.0043662,-0.068175,-0.010167,-0.080422,0.0033683,-0.024347
0.026572,-0.15712,0.014325,-0.055929,-0.0095225,-0.024025
0.043652,0.01497,0.0011124,-0.031759,-0.024025,-0.02338
0.006591,-0.0033994,0.0036905,-0.05174,-0.028214,-0.02628
-0.0030771,-0.034659,0.019159,-0.021124,-0.020802,-0.026603
0.014648,0.059443,0.015937,0.085869,0.041396,-0.022413
-0.00049895,0.012714,0.013359,0.10907,0.11971,-0.028214
-0.015001,-0.031759,-0.012423,0.032695,0.13324,-0.035304
0.0062687,-0.019835,-0.031437,0.0017569,0.057509,-0.033693
0.012714,-0.095568,-0.030792,0.015614,0.011103,-0.034659
0.012392,0.070078,0.025605,-0.013067,-0.0043662,-0.043683
-0.00049895,-0.079777,0.10424,-0.072365,-0.045617,-0.037238
0.028183,0.00788,0.096504,-0.085578,-0.048195,-0.021446
0.019482,0.14549,0.024638,-0.026925,-0.015323,-0.015646
0.0091691,-0.07591,0.021738,0.020126,0.01078,-0.018868
0.013036,-0.14745,0.03205,-0.013067,0.0072355,-0.028536
0.0049796,-0.1655,0.019482,-0.038849,-0.022413,-0.041427
0.00014558,-0.073009,0.01497,-0.047872,-0.0092002,-0.038527
0.0082023,-0.0095225,0.016904,-0.017579,0.018837,-0.026603
0.012392,-0.037238,0.02206,0.012714,0.081357,-0.02338
0.010458,-0.02628,0.016581,-0.0088779,0.042685,-0.020157
-0.00049895,-0.044005,0.011747,-0.011456,0.018515,-0.015646
0.01497,-0.017901,0.013036,0.016581,0.012714,-0.010167
0.035273,0.039462,0.015937,0.011103,-0.005333,-0.0088779
0.045585,0.044619,0.021738,-0.063341,0.011103,-0.014034
0.027538,-0.022091,0.026249,-0.047872,0.01787,-0.02048
0.0059464,-0.025636,0.0036905,-0.069142,-0.0066221,-0.025314
0.023349,-0.0075889,0.0059464,-0.081711,-0.021769,-0.035949
0.018515,-0.016612,0.015292,-0.058185,-0.02048,-0.033693
0.01078,-0.021769,0.01207,-0.037238,-0.045617,-0.034659
0.0020792,-0.019191,0.017548,0.022704,-0.064953,-0.040138
-0.0040439,-0.0062998,0.011747,0.045263,0.058798,-0.032404
-0.020157,-0.036271,0.0075578,0.022704,0.083613,-0.034015
-0.015001,-0.05174,0.010136,-0.0092002,0.03205,-0.028536
0.0072355,0.02915,0.00788,-0.030792,0.026894,-0.032081
0.0024015,-0.001788,0.0024015,-0.0088779,0.20994,-0.029825
0.010458,0.031083,0.014325,-0.0088779,0.24152,-0.02048
0.026572,0.019482,0.010136,-0.02628,0.011425,-0.022735
0.023027,-0.064308,0.014325,-0.015646,0.039462,-0.028536
0.019159,-0.093635,0.016904,0.032695,0.041718,-0.028536
0.030761,-0.0079111,0.024316,-0.032081,-0.0095225,-0.022735
0.00788,0.17965,0.0024015,-0.12361,-0.072687,-0.030148
-0.0033994,0.057187,0.0014347,-0.066564,-0.067531,-0.02757
0.0043351,-0.14874,0.0082023,0.018837,-0.058185,-0.022413
0.0036905,-0.20997,-0.00017668,0.023027,0.084258,-0.01629
0.030117,-0.044327,0.041396,0.0020792,0.13034,-0.011134
0.035273,0.10682,0.033017,-0.022735,0.018193,-0.018546
0.0069132,-0.030792,-0.025636,0.0043351,0.021415,-0.025636
0.00046785,-0.13972,-0.0033994,0.020771,0.091348,-0.024991
0.014325,-0.10814,-0.00017668,0.0062687,0.21929,-0.015646
0.01078,-0.020802,0.025927,-0.034982,0.048808,-0.016612
0.011425,-0.0059775,0.04333,-0.040783,-0.026925,-0.018868
0.028505,0.016259,0.032695,-0.019513,0.0082023,-0.018546
0.029794,0.087158,0.028505,-0.00049895,-0.012423,-0.023702
0.021093,-0.001788,0.021093,0.014648,-0.034982,-0.032726
0.027216,-0.061085,0.019482,0.033017,-0.0040439,-0.027892
0.0017569,-0.081066,0.022382,0.074912,0.0072355,-0.029181
0.0024015,-0.06463,0.016581,-0.024347,0.025927,-0.024347
-0.0030771,-0.005333,0.0082023,-0.081388,0.031083,-0.032404
-0.0014658,0.053642,0.0059464,-0.024347,0.0024015,-0.029503
0.0036905,-0.04465,0.01078,-0.0014658,-0.024669,-0.027892
0.019159,-0.019513,0.043652,0.0056242,-0.010167,-0.023702
0.027538,0.16096,0.058154,-0.015646,0.015614,-0.025314
0.00079012,-0.098469,0.0094914,-0.060119,0.053964,-0.034337
0.00046785,-0.058507,0.023027,-0.078166,0.02496,-0.036271
-0.0056553,-0.14423,0.0082023,-0.049162,0.028183,-0.035626
-0.0040439,-0.083644,0.0020792,-0.012101,0.0094914,-0.038849
0.0043351,0.021738,-0.015323,0.0091691,-0.015323,-0.035949
0.00788,0.093926,-0.021446,0.063633,-0.034337,-0.027247
0.0082023,0.10714,0.00788,0.049453,-0.1004,-0.022091
0.017548,-0.00049895,0.052675,-0.06463,-0.10201,-0.022091
0.016259,-0.091379,0.088447,-0.15551,-0.010812,-0.026603
0.01078,-0.13811,0.038173,-0.1481,-0.0027548,-0.028859
0.011747,-0.10491,-0.0043662,-0.11619,-0.05464,-0.025314
-0.0059775,-0.045939,-0.051095,-0.06173,-0.05174,-0.024347
-0.023058,-0.027892,-0.059796,-0.022735,0.047197,-0.024669
0.0062687,-0.02048,-0.041427,0.073623,0.1152,-0.022735
0.023027,0.0027237,0.03624,0.14774,0.11584,-0.014357
0.019159,-0.012423,0.090703,0.02915,0.083935,-0.019835
0.018837,-0.018546,-0.013712,0.030117,0.11745,-0.023702
0.02915,-0.014357,0.059443,0.016581,0.12486,-0.025958
0.027216,0.0043351,0.048164,-0.04465,0.035595,-0.033048
0.028183,-0.018546,-0.011778,-0.035626,0.0043351,-0.022735
0.019482,-0.011778,-0.03756,-0.032726,-0.0033994,-0.027247
0.015614,-0.0072666,-0.010489,-0.03756,0.05332,-0.030148
0.023993,-0.011134,0.030439,-0.037238,0.050097,-0.027892
0.0088468,-0.011134,0.094248,0.0033683,-0.022091,-0.034982
0.00788,0.0011124,0.068789,-0.011134,-0.024991,-0.029503
0.0062687,0.0043351,0.024316,-0.036915,-0.084933,-0.024669
0.0082023,-0.0095225,0.025605,-0.005333,-0.077843,-0.014679
0.01207,-0.017257,0.014003,-0.010489,0.028827,-0.012745
0.0049796,-0.019513,0.011747,-0.017257,0.17385,-0.016935
0.0088468,-0.023702,0.011747,-0.0072666,0.15258,-0.025636
0.0014347,-0.043683,0.0075578,0.0036905,0.050419,-0.022735
0.0017569,-0.049162,0.0085246,-0.049484,-0.012745,-0.026603
0.0046573,-0.058507,0.003046,-0.046261,-0.033693,-0.028536
0.0033683,-0.056251,0.0062687,-0.0037216,-0.055607,-0.03047
0.0024015,0.030117,0.019482,0.021093,-0.025636,-0.03756
0.01078,0.020449,0.030117,0.10714,0.2122,-0.031759
0.0043351,-0.025958,0.015292,0.040107,0.19351,-0.025314
0.0024015,-0.0056553,0.010458,-0.033048,0.013359,-0.026603
0.01497,-0.011134,0.016904,-0.036593,-0.020157,-0.020802
0.006591,-0.015001,0.01497,-0.020802,0.023027,-0.019835
0.012392,-0.023058,0.013681,-0.032081,0.11874,-0.018546
0.019482,-0.02338,0.0040128,-0.020157,0.049775,-0.018224
0.012392,-0.02338,0.0036905,-0.066564,0.031728,-0.021446
0.0075578,-0.029825,0.0056242,-0.13585,0.023993,-0.02048
0.01497,-0.014034,0.0075578,-0.093957,-0.039171,-0.024347
0.012392,0.049453,0.0036905,-0.055607,-0.085578,-0.029503
0.0091691,0.14259,0.0069132,-0.06882,-0.058507,-0.026603
0.023671,0.11906,0.025927,-0.015646,-0.020157,-0.024025
0.0062687,-0.11619,0.021093,0.041074,0.038496,-0.034015
0.00046785,-0.13488,0.025927,0.055254,0.034951,-0.040783
0.0017569,0.018515,0.027216,0.021415,0.04913,-0.045294
0.0056242,-0.046583,0.023671,0.048808,0.058476,-0.041749
0.02915,-0.15261,0.023671,0.10037,0.020771,-0.031437
0.016581,-0.17098,0.0085246,0.042685,-0.041105,-0.032081
0.014648,-0.12264,0.0072355,-0.0056553,-0.049806,-0.030148
0.013681,-0.031437,0.013681,-0.075588,-0.071076,-0.035949
0.023671,-0.050773,-0.0082334,-0.12425,-0.10105,-0.030148
0.012392,-0.05464,-0.005333,-0.090734,-0.065919,-0.019513
0.0027237,-0.031759,0.050097,-0.030148,0.029794,-0.0079111
-0.00017668,-0.018546,0.021093,0.028183,0.11036,-0.014357
0.016581,-0.0066221,-0.014357,0.015614,0.12583,-0.015646
0.014003,-0.018546,0.00079012,0.016259,0.14613,-0.026603
-0.0098447,-0.09589,0.01078,-0.005333,0.079746,-0.035626
0.00788,-0.12618,0.052998,-0.04755,0.05622,-0.019191
0.0088468,0.13195,0.029794,-0.033693,0.056865,-0.010812
0.006591,0.13582,0.018837,-0.014679,0.077812,-0.015323
0.018193,-0.024025,0.022704,-0.015323,0.068144,-0.025636
0.013036,-0.0075889,0.020126,-0.073009,0.019804,-0.029503
0.022704,-0.02048,0.023993,-0.09718,-0.01629,-0.022091
0.01787,0.027216,0.015292,-0.080099,-0.031759,-0.02628
0.022704,0.00014558,0.0011124,-0.064308,-0.057863,-0.026925
0.031728,0.028183,0.0024015,-0.042394,-0.048839,-0.027892
0.01787,-0.033048,0.0040128,-0.06463,-0.031114,-0.032404
0.02206,-0.039171,0.032695,-0.015001,-0.013067,-0.034659
0.0072355,-0.030792,0.036562,0.070722,-0.0069443,-0.035626
-0.005333,-0.044327,-0.019513,0.11971,-0.0024326,-0.027892
-0.0092002,-0.0072666,0.0056242,0.15645,0.037851,-0.014034
-0.00049895,-0.00082122,0.028183,0.058476,0.01497,-0.010167
0.025927,-0.024991,0.036884,-0.028859,-0.0069443,-0.013712
0.03914,-0.010167,0.021738,-0.015001,0.067822,-0.015646
0.016904,-0.011778,0.0017569,-0.068175,0.0085246,-0.01629
0.011103,0.0049796,0.0062687,-0.048517,-0.020157,-0.02338
0.020126,0.048486,0.014003,0.017548,0.17385,-0.01339
0.00046785,-0.0027548,0.022382,0.021093,0.26183,-0.0072666
0.0014347,-0.050451,0.021093,-0.0079111,0.11971,-0.014357
0.018837,-0.075588,0.015937,0.006591,0.05622,-0.02628
0.0059464,-0.07881,0.0075578,0.0094914,-0.011456,-0.041427
0.0062687,-0.035626,0.0069132,-0.073009,-0.044005,-0.03756
0.014325,-0.025314,0.0043351,-0.076554,-0.034337,-0.030792
0.016904,-0.027247,0.0098136,-0.028859,-0.021446,-0.029181
0.013359,-0.0037216,0.021738,-0.0062998,-0.036915,-0.040138
0.011103,0.016904,0.020771,-0.020157,-0.082033,-0.051095
0.00046785,-0.03756,0.0088468,-0.061085,-0.056896,-0.04465
-0.0014658,-0.11233,0.0046573,-0.083,0.13034,-0.026925
0.010458,-0.1178,0.01787,-0.13617,0.13904,-0.024669
0.0036905,-0.017257,0.022704,-0.13907,0.06331,-0.02628
0.00788,0.041396,0.037529,0.028505,-0.010812,-0.021769
0.012392,0.012392,0.026249,0.063955,0.0085246,-0.029503
0.01497,0.01078,0.026894,0.064277,0.031083,-0.038204
0.018193,0.014325,0.032695,0.22541,0.059121,-0.02338
0.0049796,0.0024015,0.0053019,0.04623,0.041396,-0.019191
0.0075578,-0.0082334,-0.010489,-0.12586,-0.028536,-0.025636
0.00788,-0.036593,-0.037238,-0.10878,-0.090734,-0.034015
-0.0062998,-0.027892,-0.039816,-0.097502,-0.1307,-0.036915
-0.0056553,0.090703,-0.0095225,-0.040783,-0.11426,-0.039816
0.0014347,0.14291,0.082969,0.034628,0.044619,-0.02048
0.003046,0.006591,0.084258,0.090381,0.12196,-0.0075889
0.016259,-0.18548,0.038496,0.10134,0.10134,-0.0040439
0.022704,-0.18419,0.040751,0.0059464,0.12873,0.0033683
0.00788,-0.10137,0.021415,-0.098146,0.069433,-0.0050107
0.013359,-0.044005,0.018837,-0.052062,0.017548,-0.010489
0.017226,-0.030792,0.024316,-0.036593,0.0088468,-0.019191
0.01787,-0.0088779,0.023027,0.0011124,0.027538,-0.022735
0.016581,-0.062375,0.014325,-0.045617,0.0014347,-0.018546
0.010458,-0.025314,0.016904,-0.072043,-0.020802,-0.035626
-0.0072666,0.0017569,0.01787,-0.05174,-0.0030771,-0.053673
-0.0043662,0.086836,0.0094914,-0.046261,0.0046573,-0.039816
0.018193,0.04623,0.010136,-0.047872,0.025283,-0.023058
0.035917,-0.12747,0.015292,-0.041427,0.050097,-0.021124
0.0098136,-0.13005,0.01207,-0.027247,0.042363,-0.031437
-0.0088779,-0.024025,0.0091691,0.003046,0.050742,-0.040783
0.0043351,0.014648,-0.0040439,-0.0043662,-0.022091,-0.03047
0.012392,0.025927,0.0014347,-0.023058,-0.058507,-0.03337
0.028827,0.0098136,0.0085246,0.016581,-0.041105,-0.039816
0.020771,-0.036915,0.00788,0.070078,-0.05883,-0.041749
0.013036,-0.075588,0.0062687,0.019159,-0.024347,-0.024991
0.018193,-0.031759,0.016581,-0.015968,0.068789,-0.035949
0.01078,0.0020792,0.029794,-0.011778,0.050742,-0.035304
0.017226,0.048164,0.0098136,-0.013067,0.0053019,-0.020802
0.014325,0.11101,0.021415,0.016581,0.13195,-0.012101
0.0024015,0.1239,0.029472,0.014648,0.26279,-0.014034
0.017226,-0.072365,0.017548,-0.038527,0.097793,-0.017257
0.016904,-0.20256,0.0014347,-0.081711,0.0098136,-0.01339
0.018837,-0.13521,-0.011778,-0.066564,0.036884,-0.010167
-0.015323,-0.0079111,-0.010812,-0.037882,0.040751,-0.020802
-0.0062998,0.014648,0.0072355,-0.040783,0.052031,-0.022413
-0.0066221,-0.1423,0.044619,-0.025314,0.020449,-0.02757
-0.0092002,-0.15293,0.033339,-0.012101,0.011747,-0.027892
0.02206,0.13775,0.015614,-0.021124,-0.0050107,-0.035949
0.028505,0.01207,0.00788,-0.028214,-0.028859,-0.046906
0.031083,-0.032404,0.01787,-0.032726,-0.024025,-0.035949
0.015292,0.038173,0.021415,-0.081388,0.0053019,-0.02338
0.019159,-0.036271,-0.001788,-0.11748,0.023671,-0.021446
0.019159,-0.033693,0.011747,0.032372,0.054287,-0.018868
0.016259,0.020771,0.030117,0.15935,0.042685,-0.013067
0.03205,0.056543,0.023027,0.046552,-0.022735,-0.020157
-0.0014658,-0.015001,0.0072355,0.018193,-0.033693,-0.024025
0.016581,-0.080744,0.0088468,0.068789,0.034951,-0.023702
0.023671,-0.02048,0.0091691,-0.0024326,-0.050451,-0.025314
0.01497,0.037851,0.011103,-0.02628,-0.051417,-0.03047
0.013681,-0.037238,0.053642,-0.019191,0.0704,-0.028214
0.0072355,-0.02628,0.065566,-0.044327,0.10972,-0.018224
0.0069132,-0.018868,0.01078,-0.049806,0.072978,-0.023702
0.0094914,-0.015323,-0.0033994,-0.005333,-0.0030771,-0.028536
0.013359,0.0072355,-0.011134,0.04913,-0.047228,-0.02338
0.012714,-0.0040439,-0.024991,-0.0024326,-0.051417,-0.014357
0.02206,-0.060441,0.016904,-0.016935,0.069433,-0.01629
0.016259,-0.043038,0.089092,-0.04755,0.18609,-0.022091
0.0043351,-0.017579,-0.0082334,-0.12747,0.035273,-0.035949
0.0036905,0.047197,-0.00017668,-0.1033,-0.012745,-0.027247
0.0059464,0.023671,0.021093,-0.068175,-0.0082334,-0.016935
0.011747,-0.0072666,0.015937,-0.0040439,-0.015968,-0.02757
-0.0069443,-0.070754,0.021738,-0.022735,0.0075578,-0.036915
-0.0092002,-0.099435,0.01787,-0.0092002,-0.018224,-0.031759
0.014325,0.017548,0.022382,0.046875,-0.010489,-0.017257
0.0014347,-0.089767,0.0072355,0.00079012,-0.069787,-0.028859
0.0027237,-0.050773,0.0027237,-0.027892,-0.051095,-0.044972
0.0075578,-0.047228,0.0017569,-0.035626,0.020449,-0.041105
0.0059464,-0.035626,0.040107,-0.00082122,0.049775,-0.038849
0.01207,0.011747,0.040429,0.019159,0.077812,-0.038849
0.01497,-0.013067,0.0027237,0.0056242,0.076523,-0.036915
0.01787,-0.015646,0.032695,-0.019835,0.076201,-0.014034
0.019159,-0.019513,0.014648,-0.067531,0.073623,-0.012745
0.016259,-0.013067,0.011747,-0.086867,0.055254,-0.017901
0.0059464,-0.024025,0.0059464,-0.048195,0.011425,-0.027247
-0.0072666,-0.02757,-0.0043662,0.0011124,-0.0085557,-0.032081
0.00079012,0.041396,0.0020792,0.012392,-0.071076,-0.036915
0.012392,0.096182,0.00079012,0.018193,-0.056896,-0.034337
0.02496,-0.018546,0.056865,0.011103,0.011747,-0.024025
0.019804,-0.12522,0.061054,-0.013712,0.0088468,-0.024669
-0.0021103,-0.10201,0.0062687,0.0017569,0.027216,-0.033048
0.014648,-0.034015,0.021738,-0.013712,0.050419,-0.022091
0.01078,-0.042394,0.0011124,-0.04046,-0.014357,-0.029825
0.033662,0.022704,-0.0056553,-0.041105,0.094248,-0.030148
0.01078,0.032372,0.0075578,-0.038204,0.11294,-0.028536
0.010136,-0.020802,0.017548,-0.0059775,0.12325,-0.021124
0.028505,-0.0046884,0.017548,0.015614,0.088769,-0.014034
0.01497,0.0094914,0.0040128,-0.038849,0.044296,-0.014034
0.010136,-0.032726,0.0053019,-0.082355,0.01078,-0.019835
0.01207,-0.048517,0.010458,-0.04046,-0.035626,-0.02338
0.01787,-0.039493,0.016259,-0.015646,-0.072043,-0.028536
0.021738,-0.045294,0.017548,0.052675,-0.074943,-0.025314
-0.0011435,-0.084933,-0.00082122,0.052675,-0.083644,-0.028536
-0.0075889,-0.059796,-0.0095225,0.029794,-0.039171,-0.029825
-0.00049895,-0.021446,-0.018546,0.062021,0.18191,-0.016935
0.0024015,-0.02338,0.003046,0.013359,0.27246,-0.020802
-0.011134,-0.066886,0.016904,-0.019835,0.061377,-0.035949
0.0053019,-0.060763,0.078779,-0.038527,0.045263,-0.024669
-0.0056553,0.020771,0.10746,-0.035949,0.025927,-0.017901
0.037851,-0.0072666,0.053642,0.0036905,0.006591,-0.0082334
0.0094914,-0.16099,0.028827,-0.033693,-0.033048,-0.018546
0.033662,-0.11297,0.016904,-0.0046884,0.006591,-0.024669
0.041718,0.09876,0.0069132,-0.024025,0.052998,-0.018224
0.0098136,0.0011124,-0.0069443,-0.05883,-0.018868,-0.018224
0.015937,0.0017569,-0.011778,-0.043683,-0.055607,-0.02338
0.023671,0.23959,-0.0056553,0.031406,-0.059796,-0.017257
-0.0046884,-0.0085557,0.013036,0.041718,-0.056896,-0.024991
-0.021446,-0.1062,0.014325,-0.014679,-0.045294,-0.023058
-0.0011435,-0.042072,0.006591,-0.028214,0.050742,-0.018546
0.02496,-0.017901,0.0082023,-0.046906,0.16644,-0.01629
0.023349,0.015937,0.011425,-0.066242,0.054609,-0.021446
-0.0082334,-0.048517,0.0091691,-0.083967,0.038173,-0.036593
0.0046573,-0.049484,0.015937,-0.052062,0.048164,-0.039816
0.0059464,-0.021769,0.024316,-0.023058,0.023993,-0.039171
0.0091691,-0.047872,0.024638,0.015292,-0.014357,-0.037882
0.023671,-0.014357,0.021093,0.011747,0.006591,-0.036271
0.010458,-0.021769,0.0043351,-0.032404,-0.0024326,-0.035949
0.0075578,-0.02338,0.00788,-0.036271,-0.036271,-0.042394
0.025927,-0.0088779,0.017548,-0.0014658,0.020126,-0.030792
0.015292,-0.0062998,0.013036,-0.015001,0.060732,-0.020802
-0.0011435,-0.010812,0.016259,-0.050451,0.033339,-0.024991
-0.00017668,-0.011456,0.0098136,-0.054318,0.021738,-0.020157
0.0075578,0.013036,0.0046573,0.0033683,0.037206,-0.019835
0.015937,0.0017569,0.006591,0.01787,0.0075578,-0.02338
0.015937,-0.044005,0.0085246,0.04333,0.0027237,-0.032404
0.014003,-0.045939,0.019804,0.049775,0.0056242,-0.025958
0.014003,-0.019835,0.053964,-0.036593,-0.00082122,-0.024347
0.01078,0.019482,0.029794,-0.062375,0.006591,-0.035304
0.0033683,0.026249,0.00014558,-0.11813,0.0011124,-0.032081
0.01078,-0.0043662,0.046875,-0.11652,-0.0030771,-0.028859
0.020449,-0.12328,0.015292,-0.019835,0.018837,-0.022735
0.0091691,-0.049484,-0.02338,-0.014679,0.044619,-0.018546
0.0020792,-0.012423,0.0059464,0.025927,0.050419,-0.016935
0.014325,-0.044005,0.012392,0.051064,0.058798,-0.018546
0.027216,-0.001788,0.024316,0.039462,0.073623,-0.0030771
0.019482,-0.0085557,0.021093,0.0033683,0.068789,-0.0021103
0.017548,0.066533,0.0059464,-0.012745,0.052031,-0.018546
0.025605,0.14452,0.00014558,-0.040783,0.0043351,-0.02338
0.019159,0.023027,0.0075578,-0.0092002,-0.022413,-0.031437
0.026572,-0.16034,0.026249,0.0069132,-0.026925,-0.026603
0.0017569,-0.16196,0.018515,-0.052062,-0.050773,-0.032081
-0.0024326,-0.056251,0.01078,-0.039493,-0.054318,-0.042072
-0.00017668,-0.069787,0.0082023,-0.025958,-0.036271,-0.039816
0.0075578,-0.085578,0.01078,-0.022413,0.0036905,-0.042394
0.016581,-0.028859,0.028183,0.0024015,0.034306,-0.044005
-0.00017668,-0.01629,0.033984,0.057509,0.10037,-0.042716
-0.017257,-0.030792,0.015292,0.066211,0.20317,-0.031759
-0.0075889,-0.021124,0.016581,0.00014558,0.096826,-0.022091
0.01078,0.0033683,0.019482,-0.022413,0.033017,-0.022735
0.016581,0.035273,0.016904,-0.057541,0.016259,-0.02048
0.020126,0.054931,0.019804,-0.060119,-0.014034,-0.015323
0.0059464,-0.0069443,0.016259,-0.020802,0.020449,-0.020157
0.0075578,-0.15035,0.013036,-0.034337,0.028183,-0.019513
0.026249,-0.058507,0.018515,-0.069464,-0.04465,-0.024025
0.00788,-0.0082334,0.0088468,-0.050128,-0.042394,-0.028859
0.01207,-0.0027548,-0.00082122,-0.044972,-0.031759,-0.029503
0.0056242,0.0043351,0.0043351,-0.046261,-0.01629,-0.018546
0.0024015,-0.020157,0.019159,-0.078166,-0.0085557,-0.018868
0.0072355,-0.03047,0.059765,-0.062375,0.035595,-0.028214
0.016904,-0.018546,0.038818,0.0059464,0.121,-0.033693
0.023027,-0.025636,0.00788,0.11745,0.069756,-0.034337
0.034951,-0.0069443,0.015614,0.13066,0.082969,-0.02338
0.031083,0.01497,0.019804,0.1529,0.14903,-0.016612
0.024316,0.037529,0.027216,0.05332,0.11777,-0.017579
0.011747,0.022704,0.015292,-0.039171,0.030117,-0.019513
0.0040128,-0.016935,0.013036,-0.044972,-0.0050107,-0.027892
0.010136,-0.034659,0.015614,-0.040783,0.010136,-0.024669
0.01207,-0.085578,0.018515,-0.050128,0.0049796,-0.017901
0.011425,-0.075265,0.020771,-0.10008,-0.037238,-0.018546
0.0075578,0.0072355,0.013681,-0.079133,-0.06882,-0.023702
0.0069132,-0.0040439,0.015614,-0.024991,-0.09009,-0.024669
0.0027237,-0.021124,0.0082023,-0.076877,-0.1481,-0.032404
0.0033683,-0.021124,0.0059464,-0.050128,-0.12103,-0.042072
-0.0050107,-0.022413,0.0062687,-0.0050107,0.16676,-0.042072
-0.0046884,-0.03047,0.0020792,0.00046785,0.36592,-0.032404
0.0082023,-0.091701,-0.033048,-0.023702,0.1123,-0.022091
0.015937,-0.093957,-0.045294,0.031728,0.036884,-0.019835
0.033984,0.076523,-0.0024326,0.046552,0.015937,-0.028214
0.019804,0.023027,0.073301,-0.032726,-0.0027548,-0.029181
0.02206,-0.026603,0.10811,0.0046573,0.013681,-0.019835
0.015614,0.022382,0.050097,0.020771,-0.036271,-0.024669
-0.0079111,-0.036915,-0.0043662,-0.030792,-0.0050107,-0.029503
0.0024015,-0.026925,0.023027,-0.047228,0.072656,-0.025314
0.0075578,-0.013712,0.020126,-0.017901,0.090381,-0.026925
-0.0056553,0.024316,0.010458,-0.038527,0.013359,-0.034015
-0.016612,0.10778,-0.0011435,-0.0075889,0.0020792,-0.035626
0.010136,0.12905,-0.012745,0.017548,0.013359,-0.024991
0.031406,0.069756,-0.011456,-0.082355,0.006591,-0.018868
0.003046,-0.23479,-0.01339,-0.12135,0.012714,-0.015001
0.003046,-0.2306,-0.025636,-0.048195,0.020126,-0.013067
0.021093,-0.14455,-0.0021103,-0.0062998,-0.0079111,-0.020157
0.013036,-0.09009,0.10327,-0.036915,-0.022735,-0.02628
0.013359,0.0020792,0.064599,0.012392,-0.03047,-0.035304
0.0046573,-0.019191,0.015292,0.039462,-0.042072,-0.034659
0.022704,0.01078,0.036884,-0.043038,-0.063019,-0.036271
0.02496,0.072978,0.023993,-0.072687,-0.07591,-0.031114
0.020126,0.0056242,0.019804,-0.014034,-0.034982,-0.024991
0.011747,-0.080422,0.013036,0.0020792,0.12229,-0.025636
0.011747,-0.049484,0.006591,-0.063341,0.14033,-0.024025
0.014325,-0.014357,0.014003,-0.04465,0.011747,-0.018868
0.023349,0.025605,0.020771,0.063955,0.068789,-0.010489
0.014648,-0.040138,0.011103,-0.0037216,0.01497,-0.024347
-0.0027548,-0.10975,0.0043351,-0.095246,-0.035949,-0.017257
-0.010489,-0.052384,0.0014347,-0.040783,-0.083644,-0.012101
0.0011124,-0.026925,0.012392,0.054287,-0.047872,-0.019513
0.02496,0.030761,0.02915,0.032372,0.077168,-0.031759
0.034951,0.029794,0.027538,0.051709,0.13453,-0.025636
0.0049796,-0.0069443,0.02496,0.1123,0.19447,-0.011456
-0.00049895,-0.045617,0.03205,0.034951,0.10714,-0.021124
-0.0021103,-0.068175,0.011747,-0.035949,0.012392,-0.025636
-0.0072666,-0.0075889,-0.0050107,-0.06173,0.0014347,-0.034982
0.012714,-0.016935,-0.010812,-0.058507,-0.0046884,-0.034982
0.027861,-0.015323,-0.00017668,-0.050128,-0.0095225,-0.023058
0.01207,-0.023702,0.0082023,-0.051095,0.015614,-0.020802
0.014325,0.018837,-0.005333,0.00079012,0.040429,-0.018224
0.022382,-0.017579,0.00014558,0.0014347,0.021415,-0.02628
0.017548,-0.0095225,0.014648,-0.025958,0.058154,-0.030792
0.011103,0.03624,0.034628,-0.04465,0.028183,-0.028859
0.025927,0.015292,0.054609,-0.024991,0.019804,-0.031114
0.010136,-0.053996,0.023349,-0.028214,-0.0098447,-0.037238
0.0056242,-0.034659,0.0059464,-0.028214,-0.023702,-0.03337
0.0043351,-0.00017668,0.012714,0.043974,-0.00049895,-0.032081
-0.0024326,-0.0011435,0.013681,0.07459,0.0020792,-0.036271
-0.0027548,-0.030792,0.0091691,-0.0098447,0.048164,-0.03047
-0.011456,-0.031114,0.018515,-0.044005,0.051709,-0.02338
-0.00017668,-0.033693,0.01497,-0.025636,0.0027237,-0.023702
0.018193,-0.032726,0.00788,-0.052706,-0.019835,-0.022091
0.042363,0.0091691,0.01078,-0.060119,0.0069132,-0.026925
0.019159,0.020449,0.0043351,-0.010812,0.030439,-0.023702
0.0014347,0.012714,0.0053019,-0.0098447,0.0043351,-0.020157
0.0059464,-0.03337,0.011103,-0.071398,-0.023058,-0.022413
-0.0085557,-0.083644,0.015937,-0.069787,-0.043683,-0.029503
0.0069132,-0.10427,0.019159,-0.046261,-0.045939,-0.031759
0.020771,-0.053029,0.014325,-0.028859,-0.070431,-0.028536
0.030439,-0.022413,0.017548,0.01207,-0.084611,-0.025636
0.02206,-0.030148,0.025605,0.08039,0.029472,-0.019835
0.011425,-0.034015,0.02206,0.079101,0.2151,-0.022735
0.00014558,-0.031437,0.017548,0.031406,0.15677,-0.029503
-0.017901,-0.024025,0.016581,-0.04465,-0.033693,-0.025958
-0.02048,-0.024025,0.020449,-0.01339,0.01078,-0.023058
0.015292,0.011425,0.027538,0.013036,0.11777,-0.017257
0.040429,0.033017,0.028827,-0.02338,-0.0027548,-0.017579
0.035273,0.0053019,0.024638,-0.041105,-0.044005,-0.015323
0.025927,-0.053673,0.021093,-0.041427,0.10069,-0.017257
0.026572,-0.069142,0.021093,-0.031759,0.13389,-0.020157
0.016259,0.046875,0.017548,-0.015323,0.034951,-0.02338
0.01078,0.00014558,0.0053019,-0.026925,0.035273,-0.023058
-0.00017668,-0.081388,-0.0040439,-0.027892,0.06331,-0.019513
-0.00082122,0.019482,-0.00082122,-0.028536,0.05332,-0.02338
-0.0011435,-0.0056553,0.0043351,-0.037238,0.019804,-0.038204
0.01497,-0.023702,0.017226,0.00046785,0.026894,-0.028536
0.024638,-0.041105,0.025283,0.0072355,0.030439,-0.02628
0.024638,-0.040783,0.027538,-0.098146,0.018837,-0.040783
0.019804,-0.033693,0.016581,-0.05174,-0.00082122,-0.037882
0.0049796,-0.01339,0.00788,-0.025636,-0.015323,-0.041749
-0.012745,-0.020157,0.015292,-0.095568,0.023349,-0.034337
0.0046573,-0.017257,0.014325,-0.019835,0.017226,-0.034015
0.023349,0.0082023,0.019804,0.027216,-0.028536,-0.038204
-0.005333,0.0046573,0.015614,0.0040128,-0.00049895,-0.042072
-0.0069443,0.00046785,0.016581,0.047519,0.0088468,-0.050773
0.020771,-0.040138,0.019482,0.058154,0.022704,-0.043683
0.017226,-0.063341,0.020449,0.023993,0.03205,-0.037882
0.023027,-0.0082334,0.023671,-0.017579,0.0040128,-0.028536
0.023671,-0.046261,0.018515,-0.043683,-0.01629,-0.01629
0.016581,-0.024025,0.0085246,-0.09718,0.015292,-0.013067
0.0085246,-0.01629,0.0085246,-0.10685,0.042363,-0.011456
0.0085246,-0.021446,0.012714,-0.099435,0.038496,-0.016935
0.01078,-0.001788,0.019482,-0.090734,0.085869,-0.019513
0.011103,0.031728,0.020771,-0.11362,0.015292,-0.018546
0.010136,0.0056242,0.016904,-0.073009,-0.018868,-0.021769
0.0053019,-0.091379,0.01207,0.027538,-0.030148,-0.03047
0.011103,-0.13456,0.019159,0.069756,-0.013067,-0.027247
0.016259,0.02206,0.02206,0.10327,0.044941,-0.014034
-0.0088779,0.028505,-0.005333,0.1732,0.048808,-0.017579
-0.02048,-0.041427,-0.032081,0.18384,0.013036,-0.024669
0.00014558,0.01078,-0.026925,0.13066,0.012392,-0.011456
0.014648,-0.040783,0.014648,-0.032081,0.018193,-0.0030771
0.036562,-0.033693,0.10488,-0.054318,0.018837,-0.0095225
0.023671,-0.019513,0.091992,-0.036593,0.01207,-0.022091
-0.00049895,-0.024347,0.01078,-0.082677,-0.00049895,-0.033048
0.024638,-0.022735,0.0024015,-0.07591,-0.041749,-0.02048
0.028505,-0.012423,0.0043351,-0.027892,-0.070431,-0.022413
0.016904,-0.018546,-0.018546,-0.0092002,0.032372,-0.016612
0.0014347,-0.028214,-0.011134,0.0033683,0.12809,-0.018868
0.031406,-0.011778,-0.012423,-0.043038,0.12519,-0.022413
0.025927,0.033017,0.023349,-0.056251,0.13872,-0.022413
-0.0024326,0.023671,0.04333,-0.034015,0.1355,-0.024347
-0.021124,-0.06463,0.033339,-0.049162,0.02915,-0.025314
-0.00049895,-0.045617,0.061699,-0.053029,0.019159,-0.026925
0.013036,-0.035304,0.02206,-0.059152,0.0069132,-0.019835
0.023671,-0.032726,0.028827,-0.079455,-0.0095225,-0.018546
-0.012423,-0.025958,0.01207,-0.072687,0.0053019,-0.035304
0.011425,0.02496,0.0020792,-0.0033994,-0.0046884,-0.041749
0.040107,0.024638,0.0046573,0.11906,-0.029503,-0.039493
0.01207,-0.056896,-0.001788,0.065244,-0.034337,-0.040783
0.010458,-0.14262,0.0014347,-0.0043662,0.026894,-0.03756
0.031083,-0.13134,0.0098136,-0.021124,0.066855,-0.03047
0.016259,0.011747,0.0049796,-0.083644,0.032695,-0.02628
-0.0027548,-0.029181,0.017226,0.031083,0.0098136,-0.032081
0.016904,-0.001788,0.018837,0.0027237,0.01787,-0.036915
0.026249,-0.0088779,0.024638,-0.056574,0.019159,-0.024991
0.020771,-0.0095225,0.039785,-0.022735,0.0069132,-0.026925
0.0049796,-0.0021103,0.014325,-0.032404,-0.010489,-0.025958
0.0085246,-0.012745,0.0027237,-0.044005,-0.0030771,-0.02628
-0.0072666,-0.0043662,0.0085246,-0.089123,-0.049484,-0.028859
0.0024015,0.0020792,0.0062687,-0.12296,-0.11652,-0.032726
0.0082023,0.00788,-0.0027548,-0.11233,-0.062375,-0.035304
0.02206,0.0014347,0.011747,-0.029503,0.064277,-0.013712
0.011747,-0.0082334,0.03205,0.031728,-0.011456,-0.022091
0.0075578,-0.030148,0.021093,0.064277,-0.024991,-0.028536
0.01207,-0.039816,0.014325,0.07749,0.1326,-0.0072666
0.0024015,-0.060119,0.016904,-0.02048,0.25474,-0.015001
0.018193,-0.029181,0.016259,-0.034659,0.023027,-0.020802
0.01207,0.044619,0.019159,-0.01339,0.012392,-0.024025
0.0098136,-0.028536,0.014325,-0.082355,0.020449,-0.019835
0.014003,-0.040138,0.013036,-0.044005,0.0091691,-0.015323
0.017226,0.011747,0.011103,0.075879,0.054931,-0.014357
0.0075578,0.029794,0.015937,0.048808,0.05622,-0.016935
0.010136,0.0085246,0.02206,0.03205,0.12132,-0.015968
0.0098136,-0.035304,0.02496,-0.017257,0.060088,-0.024347
-0.0033994,-0.076877,0.023027,0.014003,0.011425,-0.036915
-0.0027548,-0.055929,0.031728,0.044941,0.04623,-0.034015
0.0033683,-0.0059775,0.018837,0.059765,0.052998,-0.036593
0.0014347,0.0075578,-0.01629,0.042363,0.0069132,-0.043683
0.0085246,-0.067853,-0.026925,0.006591,-0.019835,-0.045939
0.0053019,-0.079133,-0.0021103,-0.04755,-0.053673,-0.034337
0.006591,-0.048839,0.038173,-0.040783,-0.11007,-0.031759
0.0098136,-0.04046,0.046875,-0.0056553,-0.07881,-0.017901
-0.0030771,-0.012101,0.0098136,-0.045939,0.033662,-0.0082334
0.01497,-0.02338,0.023993,-0.051095,0.13099,-0.00017668
0.028183,-0.01339,0.02206,-0.042394,0.10488,-0.0092002
0.025927,-0.01629,0.019159,-0.019191,0.034628,-0.015968
0.024316,-0.010812,0.017548,0.0062687,0.0082023,-0.029181
0.0046573,-0.015968,0.017226,0.012714,-0.0056553,-0.04755
0.0088468,-0.020802,0.012392,-0.083644,0.026249,-0.043038
0.014648,-0.012101,0.017548,-0.080099,0.03914,-0.024669
0.016259,-0.0079111,0.016259,-0.020802,0.044619,-0.015323
0.00788,-0.015968,0.014003,-0.015646,0.023349,-0.023702
0.0075578,-0.021124,0.010136,-0.022413,0.00079012,-0.02757
0.013359,-0.02628,0.0069132,-0.086222,0.01497,-0.019191
0.018193,-0.024025,0.012392,-0.092023,0.080068,-0.014034
-0.0014658,-0.024025,0.013036,-0.078488,0.043652,-0.031437
0.0017569,-0.012423,0.010136,-0.11523,-0.021124,-0.034015
0.00079012,-0.005333,0.0085246,-0.059796,-0.01629,-0.031437
-0.034659,-0.0014658,0.015937,0.0049796,0.030439,-0.035304
-0.027892,0.0020792,0.02206,0.067177,0.037529,-0.039816
0.0075578,-0.043361,0.019482,0.051386,0.040751,-0.029181
0.037206,-0.042394,0.01207,0.01787,0.047841,-0.029825
0.043007,-0.01629,0.028827,0.052675,0.0017569,-0.030148
-0.0037216,-0.023702,0.019804,0.0027237,-0.02757,-0.027247
0.020126,-0.019191,0.0088468,0.015614,-0.0088779,-0.025314
0.0091691,-0.0043662,0.026894,0.011747,0.021738,-0.028859
0.032372,-0.015323,0.023993,0.029794,0.034951,-0.029503
0.054287,-0.036915,0.028827,0.039785,0.034951,-0.031114
0.021738,-0.025314,0.023993,-0.029825,0.033339,-0.035626
-0.0072666,-0.043038,0.023027,-0.036593,0.003046,-0.037238
0.0059464,-0.0088779,0.022382,-0.025314,-0.015968,-0.028536
0.025283,0.0062687,0.011747,-0.052062,-0.046583,-0.022413
0.010136,-0.038204,-0.018546,-0.057541,-0.10137,-0.031114
0.006591,-0.047872,-0.022413,-0.018546,-0.11104,-0.032081
0.031406,-0.032726,-0.0050107,-0.064953,0.033017,-0.021769
0.025927,-0.010489,0.041396,-0.081066,0.2918,-0.015323
0.018837,0.11777,0.05622,-0.03756,0.15935,-0.022091
0.020126,0.20156,0.003046,-0.055929,0.045908,-0.015968
0.014325,-0.014679,0.0075578,-0.041427,0.014003,-0.0088779
0.006591,-0.22319,0.00079012,-0.0098447,-0.00082122,-0.01339
-0.0043662,-0.20031,-0.021446,0.029472,0.022704,-0.014679
0.0094914,-0.074298,0.01497,-0.00049895,0.037529,-0.018546
0.018515,-0.045939,0.06331,-0.0062998,0.078457,-0.015001
0.023027,-0.062375,0.037529,0.046875,0.038173,-0.014357
-0.005333,-0.041105,0.0072355,0.053964,0.023993,-0.017579
-0.0011435,-0.017579,-0.010167,0.04623,0.052998,-0.029503
0.013681,-0.0040439,-0.012101,-0.0075889,0.018193,-0.023702
0.0088468,0.065888,0.015614,-0.07172,-0.051417,-0.023058
-0.0043662,-0.035304,0.085547,-0.11233,-0.073009,-0.042716
0.0033683,-0.068498,0.050419,-0.11458,-0.09009,-0.049484
0.014325,0.023349,0.0085246,-0.069464,-0.053029,-0.043038
-0.001788,-0.09009,0.0040128,-0.0011435,0.00046785,-0.036271
0.012714,0.0059464,0.021093,0.044296,0.0049796,-0.018546
0.020771,0.020449,0.029794,0.11487,0.095215,-0.011456
0.017548,-0.033048,0.012392,0.11358,0.19093,-0.017257
0.01497,-0.027247,0.014003,0.043652,0.036562,-0.017257
0.00788,-0.0014658,0.016581,-0.023058,0.058154,-0.01629
0.014648,0.058798,0.014003,0.0027237,0.05332,-0.015001
0.0091691,0.006591,0.011103,-0.0033994,0.039785,-0.021446
-0.0011435,-0.07172,0.00046785,-0.02338,0.023671,-0.028859
-0.018868,-0.063341,-0.0021103,-0.039493,-0.0095225,-0.031437
-0.0043662,-0.022413,0.011425,-0.031759,-0.0095225,-0.031759
0.015292,0.0059464,0.02206,-0.063664,0.0043351,-0.029181
0.024638,-0.019513,0.019482,-0.06463,-0.0027548,-0.03047
0.019159,-0.030148,-0.0046884,-0.04046,-0.049484,-0.046261
0.012392,-0.018224,0.01078,-0.024025,-0.050128,-0.05174
0.0059464,-0.022735,0.021738,-0.011134,0.0098136,-0.039493
0.01078,-0.020802,0.019804,-0.0085557,0.038496,-0.031759
0.01078,-0.024991,0.022382,-0.026925,0.0069132,-0.024669
0.0075578,-0.015646,0.016259,-0.046583,-0.011456,-0.02048
0.0059464,0.030761,-0.014679,-0.056896,0.064922,-0.018868
0.0088468,0.047519,-0.0059775,-0.067209,0.16998,-0.015323
0.011103,-0.0066221,0.0094914,-0.05174,0.12293,-0.019513
0.013359,-0.040783,0.048808,-0.0056553,0.015937,-0.030148
0.01078,-0.047228,0.057509,-0.021769,-0.046583,-0.03047
0.0059464,-0.084289,0.0091691,-0.020157,-0.015001,-0.020157
0.012392,0.0053019,0.023027,-0.026925,-0.073009,-0.021446
0.018515,-0.0056553,0.0046573,-0.037238,-0.044327,-0.026603
0.010458,-0.046583,0.023027,-0.053351,-0.013067,-0.025958
-0.0082334,-0.04046,0.019804,-0.040783,0.028827,-0.024347
-0.0024326,-0.040783,0.014003,0.044941,0.13099,-0.018224
0.0020792,-0.029825,0.016904,0.05332,0.088125,-0.02048
0.023993,0.010136,0.030439,0.02496,0.049775,-0.02048
0.018515,0.041718,0.042363,0.068467,0.044296,-0.0085557
0.027216,0.01078,0.020771,-0.0021103,-0.012745,-0.015001
0.026249,-0.10427,-0.0059775,-0.076877,-0.057863,-0.03047
0.025927,-0.10588,-0.011778,-0.10459,-0.04465,-0.023058
0.0082023,-0.063986,-0.00017668,-0.043038,0.065566,-0.028214
0.010136,0.030117,0.0059464,-0.043038,0.14646,-0.025314
0.015614,0.049453,0.013036,-0.083644,0.033984,-0.02628
0.011103,-0.0098447,0.01207,-0.02338,0.0082023,-0.034015
0.022704,-0.01629,-0.0056553,0.041396,-0.043038,-0.029181
0.022382,-0.050128,0.010458,0.067822,-0.05464,-0.022735
0.0053019,-0.075588,0.01497,0.050419,0.052031,-0.027247
0.0082023,-0.10556,-0.0075889,0.029472,0.21735,-0.030792
0.00788,-0.049162,0.0011124,0.015614,0.14388,-0.031437
0.017548,0.079101,0.023027,-0.025314,0.089414,-0.028536
0.018837,0.031728,0.055254,-0.022413,0.086836,-0.029503
0.003046,-0.035949,0.03624,-0.038204,-0.0085557,-0.035304
0.0053019,0.013681,0.014003,-0.020802,-0.0088779,-0.040783
0.012714,-0.0072666,0.027216,-0.0014658,-0.029181,-0.028536
0.012714,-0.057218,0.019482,0.046552,-0.022413,-0.026603
0.0046573,-0.02628,0.018837,-0.021124,-0.034659,-0.02757
0.0094914,-0.022735,0.011103,-0.051417,-0.015001,-0.024347
0.0062687,-0.012423,0.011747,0.075234,0.035273,-0.021446
0.011425,0.028183,0.022382,0.011425,0.055254,-0.018546
-0.0050107,0.0085246,0.015614,-0.062697,0.01078,-0.011456
0.0082023,-0.064308,0.0082023,-0.069142,0.0098136,-0.016935
0.022382,-0.068175,0.006591,-0.041427,0.00014558,-0.02048
0.022704,0.066533,0.018515,-0.054318,-0.022413,-0.022735
0.0059464,0.059765,0.021415,-0.11265,-0.042716,-0.027892
0.0088468,-0.11071,0.016581,-0.074298,-0.031114,-0.029825
0.028827,-0.066242,0.016904,-0.041749,-0.010812,-0.024025
0.018193,-0.015646,0.012392,0.0069132,0.0056242,-0.022091
-0.0021103,-0.010812,0.013681,0.076523,0.028183,-0.02048
0.0062687,-0.053029,0.021093,0.080068,-0.00017668,-0.022413
0.015614,-0.060119,0.023349,-0.0088779,-0.034982,-0.025314
0.026572,-0.02048,0.018515,-0.031759,0.065888,-0.03047
-0.00017668,-0.030792,0.014648,-0.035626,0.15226,-0.026603
-0.019513,-0.046583,0.010136,-0.048517,0.048808,-0.034982
0.0072355,-0.024669,0.006591,-0.047872,-0.0059775,-0.041749
0.022704,-0.0014658,0.0053019,0.026894,0.047519,-0.029181
0.017548,0.0094914,0.0062687,0.043007,0.072334,-0.019513
0.0053019,0.069433,-0.0014658,-0.021769,0.017226,-0.030148
0.016581,0.072011,0.027216,-0.053996,0.0098136,-0.022091
0.010458,-0.047228,0.062666,-0.066242,0.023349,-0.016612
-0.0082334,-0.10556,0.021093,-0.056251,0.0046573,-0.022091
-0.010812,-0.11652,0.019482,-0.082677,-0.010167,-0.021124
0.013681,-0.073332,0.0043351,-0.06463,0.023349,-0.019835
0.02496,-0.016612,-0.0021103,-0.00049895,0.033339,-0.022413
0.027861,-0.034337,-0.024347,-0.05174,-0.0062998,-0.022735
0.021738,-0.10588,-0.053673,-0.014034,-0.026925,-0.02338
0.013359,0.010136,-0.034659,0.078457,-0.025958,-0.023058
0.019482,0.049453,-0.0030771,0.097793,-0.05174,-0.032081
0.006591,-0.059796,0.098438,0.037851,-0.069787,-0.030148
0.012392,0.013359,0.10198,0.015292,-0.047228,-0.036593
0.0098136,-0.014679,0.043974,-0.029825,-0.010489,-0.036593
0.0053019,-0.018224,0.08168,-0.028859,-0.043683,-0.033048
0.0043351,-0.0066221,-0.010167,-0.033048,-0.010812,-0.032404
0.0059464,0.052675,0.016904,-0.0033994,0.10972,-0.027247
0.013036,0.046552,0.02496,0.0040128,0.22799,-0.021446
0.016259,-0.0079111,0.0098136,-0.039171,0.095215,-0.019835
0.0075578,-0.046583,0.018837,-0.024347,0.016904,-0.019513
-0.010812,-0.077843,0.016581,-0.011778,-0.001788,-0.021446
-0.016612,0.033662,0.019482,-0.073332,-0.011778,-0.037882
0.00046785,-0.001788,0.023027,-0.095568,0.1239,-0.041105
0.036562,-0.058185,0.021093,-0.089445,0.1297,-0.026603
0.048486,-0.10491,0.0085246,-0.071076,0.061054,-0.020157
0.039785,-0.057541,-0.0092002,-0.0066221,0.066855,-0.017901
-0.0011435,-0.029825,-0.013067,0.028827,0.062343,-0.015323
-0.0030771,0.010458,0.0024015,0.11745,0.050742,-0.014357
0.010136,0.015937,0.012714,0.026894,0.01497,-0.026603
0.016904,-0.030148,0.021093,0.027538,-0.037238,-0.026603
0.011103,-0.087511,0.013359,0.012392,-0.084933,-0.024991
0.01497,-0.053673,0.011425,-0.068175,0.04913,-0.02628
0.017226,-0.014034,0.020126,-0.035626,0.19673,-0.033048
0.0014347,-0.01339,0.020771,0.041718,0.11101,-0.030148
0.0072355,0.014003,0.016259,-0.015968,0.011103,-0.030148
0.016259,0.014325,0.016581,-0.063664,0.02206,-0.030792
-0.0085557,-0.092023,0.012392,-0.025958,0.013681,-0.03337
-0.0062998,-0.057863,0.0024015,-0.0075889,0.019159,-0.041749
0.00788,-0.019835,0.00014558,-0.013067,-0.015001,-0.030792
0.017548,-0.016612,0.006591,0.015292,-0.013712,-0.021446
0.018515,0.006591,0.043007,0.070078,0.0094914,-0.015968
0.0085246,-0.033048,0.023349,-0.019191,0.018837,-0.017579
-0.00082122,-0.085256,0.0011124,-0.025636,-0.0072666,-0.025636
0.015292,0.0017569,0.016904,-0.024347,-0.017257,-0.024347
0.025605,0.079746,0.01078,-0.065919,-0.031437,-0.01339
0.012392,0.057832,0.015292,-0.032081,-0.038849,-0.018546
0.0046573,0.10811,0.015292,-0.045939,-0.020802,-0.024669
0.011425,-0.029503,0.0094914,-0.055929,-0.0085557,-0.021124
0.01207,-0.11071,0.0098136,-0.067853,-0.0021103,-0.017901
-0.001788,-0.098469,0.0036905,-0.096213,0.015292,-0.022413
0.0091691,-0.044972,-0.0059775,-0.036915,0.074912,-0.024025
0.016259,-0.025636,-0.005333,0.02206,0.046552,-0.022091
0.02206,-0.005333,0.0059464,-0.021124,0.028827,-0.019191
-0.0056553,0.0033683,0.039462,-0.02048,0.052353,-0.019835
-0.033048,-0.057541,0.053642,0.025283,0.041396,-0.033693
-0.0030771,-0.13972,0.010136,0.047841,0.014648,-0.034982
0.026894,-0.0072666,0.021093,0.042685,-0.012101,-0.035304
0.052675,0.077168,0.025927,-0.00017668,-0.0056553,-0.031437
0.018515,-0.070109,0.014325,-0.01629,-0.0079111,-0.028536
0.015292,-0.025314,0.01497,-0.01339,-0.012101,-0.030148
0.026894,-0.0024326,0.01207,-0.077199,0.031083,-0.024025
0.021738,0.092314,0.014648,-0.039171,0.059121,-0.020802
0.020449,0.13131,0.01787,-0.025958,0.013681,-0.030148
0.006591,0.038818,0.016259,-0.099758,-0.032081,-0.029503
0.0062687,-0.10298,0.012392,-0.050128,-0.079133,-0.029503
0.011747,-0.16808,0.018515,0.0085246,-0.087189,-0.030148
0.010136,-0.16067,0.021415,-0.10878,-0.080099,-0.022735
-0.001788,-0.091701,0.0091691,-0.063664,-0.02628,-0.025314
0.0043351,-0.021769,-0.014034,0.065566,0.099082,-0.023702
0.0036905,0.054609,0.0011124,0.01497,0.079746,-0.02048
0.012392,-0.018868,-0.00017668,-0.033048,0.063955,-0.023058
0.03205,-0.043361,0.011425,0.068144,0.17159,-0.011134
0.019482,0.013359,0.070078,0.12454,0.059121,-0.021769
0.019159,0.02206,0.071367,0.11133,0.11326,-0.022091
0.014648,-0.0027548,0.033984,0.03914,0.22122,-0.0095225
-0.00017668,0.016904,0.027538,-0.079455,0.087158,-0.02048
-0.012745,0.00079012,0.020126,-0.099435,-0.011134,-0.031437
0.018193,-0.064953,0.033339,-0.066886,-0.026925,-0.029181
0.044296,-0.0033994,0.033984,-0.021446,0.016259,-0.018868
0.0091691,-0.062697,-0.0027548,-0.0062998,0.025283,-0.020157
-0.018546,-0.067209,-0.0062998,0.0056242,0.025283,-0.03337
-0.0014658,-0.021446,-0.0030771,-0.0014658,0.033017,-0.031759
0.0046573,-0.030792,-0.0027548,-0.09009,0.015937,-0.024991
0.0085246,-0.0033994,0.00014558,-0.089445,0.003046,-0.02757
0.0056242,-0.0033994,0.00014558,-0.049806,-0.021769,-0.038204
0.006591,-0.0027548,0.0094914,-0.0075889,-0.00017668,-0.041427
0.0062687,-0.041749,0.01078,0.052998,0.042685,-0.031759
0.016581,-0.024025,0.01497,0.071045,0.033662,-0.03047
0.0082023,-0.067853,0.014325,-0.0072666,0.0098136,-0.030792
0.0024015,-0.07172,0.016259,0.0082023,0.020771,-0.036915
0.0043351,0.11101,0.020126,-0.044005,0.0011124,-0.03337
0.0082023,0.062021,0.011103,-0.097502,-0.0043662,-0.035949
0.0072355,0.01207,0.011103,-0.035626,-0.0027548,-0.036271
-0.015968,0.0091691,0.018515,0.006591,-0.0059775,-0.030792
0.021093,-0.082677,0.018837,-0.0021103,-0.024025,-0.022735
0.045908,-0.099435,0.020449,-0.00017668,-0.020157,-0.025636
0.037206,-0.073654,0.019159,-0.0066221,-0.0059775,-0.02757
-0.0059775,-0.035626,0.0088468,-0.091056,-0.0056553,-0.032404
0.0024015,-0.031437,0.0085246,-0.10395,0.012714,-0.014679
0.0072355,-0.0056553,0.015937,0.0027237,0.068789,-0.0092002
0.04623,0.035273,0.016581,0.025927,0.091992,-0.012423
0.041074,0.0069132,0.020771,0.006591,0.041396,-0.016612
0.017226,-0.041427,0.019804,0.06331,0.024316,-0.019835
0.041718,-0.030792,0.0069132,0.076846,-0.011456,-0.020802
0.025605,-0.028214,-0.023058,0.0062687,-0.041427,-0.025958
0.019482,-0.03047,-0.026603,-0.076554,-0.03756,-0.022091
0.019482,-0.019835,-0.0024326,-0.070754,-0.0040439,-0.019191
0.015292,-0.0030771,0.069111,-0.010489,0.024638,-0.021446
0.012392,0.016259,0.09876,0.0017569,0.034306,-0.021769
0.012714,0.0072355,0.03914,-0.073009,0.013681,-0.012101
-0.00082122,-0.039171,0.023671,-0.076877,-0.031114,-0.018224
0.0011124,-0.035304,0.023027,0.042685,-0.055607,-0.02338
-0.001788,-0.01629,0.0072355,-0.012423,0.048164,-0.021124
-0.014034,-0.033048,-0.0024326,-0.073332,0.23282,-0.033048
-0.0030771,-0.033693,0.019482,-0.029503,0.10134,-0.034982
-0.00082122,-0.024991,0.04913,0.0011124,0.038173,-0.042072
-0.014034,-0.049162,0.0072355,0.0046573,0.089736,-0.041749
0.012392,-0.019513,0.00079012,-0.050128,0.069111,-0.031759
0.0053019,0.022382,0.0036905,-0.050128,0.047519,-0.033693
-0.0046884,-0.065919,0.010136,-0.034015,0.047197,-0.029825
0.0056242,-0.041749,0.016904,0.034628,0.006591,-0.024669
0.011747,-0.017901,0.021093,0.038496,-0.037238,-0.021446
0.015292,-0.029181,0.022382,-0.005333,-0.019835,-0.0098447
0.0069132,-0.03047,-0.0024326,-0.092023,0.0072355,-0.014357
0.0020792,-0.03047,0.01787,-0.10201,0.052353,-0.021124
0.012392,-0.024669,0.00788,0.0053019,0.027216,-0.021124
0.014325,-0.02628,0.00788,0.019159,-0.043361,-0.035626
0.00788,-0.02757,0.011103,0.054609,-0.040138,-0.048195
0.0085246,-0.017901,0.01497,0.022704,-0.0050107,-0.032081
0.0020792,-0.018224,0.011425,0.031406,-0.054962,-0.035626
0.0088468,-0.023058,0.018837,0.012392,0.036884,-0.024991
0.025605,-0.023058,0.025927,0.02496,0.19576,-0.014679
0.02496,-0.017579,0.023349,-0.010167,0.13937,-0.012423
0.00788,-0.022413,0.011103,-0.12844,-0.032081,-0.017579
0.0011124,-0.015968,0.011747,-0.11362,-0.01339,-0.025636
0.0043351,-0.022413,0.0075578,-0.072687,0.020771,-0.018546
0.019482,-0.017901,0.0040128,-0.050128,-0.030148,-0.019191
0.018193,-0.015968,0.014325,-0.015646,-0.043361,-0.030148
0.010458,-0.023702,0.02206,0.079424,-0.036915,-0.030148
0.013681,-0.016612,0.024638,0.11681,-0.016612,-0.019191
0.017226,-0.02048,0.018837,0.012392,0.031406,-0.024669
0.010136,-0.019835,0.011747,-0.017257,0.080713,-0.025958
0.015292,-0.015646,0.017548,0.020771,0.096826,-0.011456
0.0094914,-0.024347,0.02206,-0.015001,0.05622,-0.025636
0.013036,-0.021769,0.019159,-0.025314,0.06331,-0.026925
0.016904,-0.018224,0.018515,-0.050128,0.079424,-0.026925
0.0011124,-0.025636,0.017548,-0.04465,0.066211,-0.032726
0.0098136,-0.022735,0.014003,-0.03337,0.032372,-0.032404
0.0053019,-0.00082122,0.01497,-0.020157,0.041074,-0.034015
-0.0069443,0.054931,0.013681,-0.0056553,0.027216,-0.036915
-0.025314,0.016259,0.014003,-0.0098447,-0.0046884,-0.042716
-0.025636,-0.038849,0.020126,-0.018868,-0.0079111,-0.040138
0.020449,-0.052384,0.022704,0.0014347,-0.0050107,-0.026925
0.047519,-0.085256,0.011425,-0.0075889,0.006591,-0.016612
0.04623,-0.084933,0.013359,-0.024025,0.010136,-0.015323
0.044296,-0.023058,0.020771,-0.041105,-0.0082334,-0.013712
0.037851,0.012392,0.003046,-0.065597,-0.00049895,-0.018868
0.02496,0.019482,0.0049796,-0.056574,0.031083,-0.023702
0.0056242,0.0024015,0.0072355,-0.034337,0.044941,-0.021769
0.006591,-0.048517,-0.0027548,-0.051095,-0.00082122,-0.024347
0.0085246,-0.013712,-0.0092002,-0.074621,-0.027247,-0.030792
-0.0021103,-0.078166,-0.0014658,-0.0050107,-0.01339,-0.034015
0.0072355,-0.11007,0.0053019,0.039785,0.0036905,-0.027892
0.0033683,-0.015323,0.044296,0.020449,0.006591,-0.032081
-0.0082334,-0.035626,0.059121,-0.027247,-0.018868,-0.029503
-0.0024326,-0.010489,0.026249,0.031406,0.0069132,-0.019513
0.015292,0.047519,0.031728,0.074267,0.049453,-0.0059775
0.011747,0.019804,0.03205,-0.0082334,0.020126,-0.015968
0.031406,-0.020157,0.031406,0.019159,0.015614,-0.025314
0.028505,-0.047228,0.02206,0.0059464,0.065244,-0.024669
0.01078,-0.039816,0.015292,-0.04465,0.041718,-0.025958
0.011103,-0.026603,0.006591,-0.03756,-0.046583,-0.026603
0.01078,-0.0046884,0.011103,-0.019191,-0.075265,-0.032081
0.0098136,0.0027237,0.014648,-0.013712,0.030439,-0.029503
0.0072355,-0.0075889,-0.00049895,-0.05883,0.095859,-0.033048
0.0085246,-0.046906,-0.0030771,-0.056896,-0.0037216,-0.033693
-0.0011435,-0.057863,0.003046,-0.036271,0.023349,-0.028214
0.016259,-0.015323,0.003046,-0.021446,0.062988,-0.021124
0.014325,-0.0059775,0.0094914,-0.0033994,0.082646,-0.021769
0.0085246,-0.020157,0.02496,0.0043351,0.097471,-0.024669
0.016581,-0.019513,0.021738,-0.021124,0.10198,-0.023058
0.02496,-0.024025,-0.00049895,-0.077199,0.078135,-0.013067
0.016259,-0.025958,-0.0095225,-0.042072,0.027216,-0.018546
0.016904,-0.025636,-0.0043662,-0.03047,-0.005333,-0.023058
0.010136,0.00046785,0.044941,-0.032726,-0.025636,-0.027892
0.003046,0.013359,0.052998,-0.046906,-0.031114,-0.035949
0.0033683,-0.0088779,-0.00017668,-0.069142,-0.042716,-0.038849
0.013036,-0.034982,0.019804,-0.011134,-0.080744,-0.03337
0.003046,-0.044005,0.013036,-0.0072666,-0.020157,-0.03047
-0.018546,-0.072687,-0.024991,0.015614,0.15226,-0.031437
-0.0098447,-0.1091,-0.031437,-0.0024326,0.10327,-0.026925
0.0094914,0.03205,0.00014558,-0.0056553,0.024638,-0.010812
0.014325,0.060732,0.064922,0.083935,0.040107,-0.0075889
0.0049796,-0.042394,0.091992,0.049453,0.068144,-0.0092002
0.016581,0.052675,0.044296,-0.077521,0.10295,-0.012745
0.027538,0.033339,-0.031759,-0.076232,0.016581,-0.020802
0.045585,0.027216,0.019482,-0.066564,-0.015646,-0.034659
0.011747,-0.021124,0.096182,0.016259,0.006591,-0.035304
0.01078,-0.13488,0.01497,0.023027,0.036884,-0.027892
0.031406,-0.19225,-0.0075889,-0.019835,0.010458,-0.022735
0.015937,-0.021446,0.031083,-0.029825,-0.053351,-0.021769
0.018837,0.12164,0.01497,0.058798,-0.064308,-0.02757
0.00046785,-0.029181,0.016259,0.038496,-0.052384,-0.027892
-0.0033994,0.0043351,0.006591,-0.011456,-0.015001,-0.035626
-0.010812,-0.00049895,-0.0040439,0.014648,0.0075578,-0.029503
-0.024025,-0.011134,0.00079012,0.033339,0.11938,-0.030792
-0.021124,0.0046573,0.0046573,0.025927,0.10778,-0.044005
0.012392,-0.032404,0.028183,-0.019191,-0.03337,-0.055607
0.015292,-0.044972,0.069111,0.014325,0.026894,-0.038527
-0.0082334,-0.056251,0.017226,-0.0011435,-0.0024326,-0.031437
0.0098136,-0.039816,0.006591,-0.053029,-0.02338,-0.034337
0.021738,0.015614,0.0098136,-0.077843,0.019482,-0.025958
0.026249,-0.0050107,0.0020792,-0.057863,0.071367,-0.023702
0.014648,-0.032081,0.019804,-0.016935,0.056543,-0.026603
0.0049796,-0.025314,0.011747,-0.016612,0.094248,-0.028536
-0.001788,-0.046261,0.0091691,-0.042716,0.087158,-0.022091
0.01078,0.03624,0.00788,-0.073654,0.010136,-0.02048
0.03624,0.028183,0.0053019,-0.064308,-0.0075889,-0.022735
0.043974,-0.017579,0.0085246,-0.034015,0.003046,-0.014357
0.020771,-0.085256,0.019482,0.0014347,0.038173,-0.015646
0.026249,-0.050773,-0.0024326,0.060088,0.034628,-0.010812
0.016904,-0.10008,0.01078,0.062021,-0.010812,-0.0075889
-0.0027548,-0.11619,0.0075578,-0.0092002,-0.043361,-0.013067
0.018193,-0.0075889,0.003046,-0.060441,-0.057218,-0.018224
0.021415,0.053964,0.0020792,-0.081711,-0.11716,-0.02048
0.018193,0.0014347,-0.011134,-0.077199,-0.097824,-0.029825
0.01207,0.095859,0.01497,-0.087511,-0.012101,-0.044327
-0.0040439,0.21671,0.062666,-0.036915,0.14001,-0.049806
0.011747,0.08039,0.039785,-0.016612,0.2064,-0.024025
0.003046,-0.18,0.025605,-0.014357,0.12196,-0.019191
0.0049796,-0.2928,0.030761,0.037851,0.078457,-0.020157
0.013036,-0.23414,0.018515,0.019482,0.056543,-0.031114
0.013681,-0.048195,0.0088468,-0.035304,0.04333,-0.031759
0.014003,0.034951,0.0069132,0.00788,0.055576,-0.019513
0.01207,-0.0030771,0.0043351,0.042041,0.068144,-0.029825
0.00014558,0.00046785,0.017548,0.0043351,0.027538,-0.039493
-0.0037216,-0.010812,0.02206,0.00079012,0.026572,-0.022413
-0.0043662,-0.029503,0.018193,-0.019513,0.02915,-0.024347
0.012392,-0.021446,0.014003,-0.047228,-0.017901,-0.030148
0.0075578,-0.0098447,0.011103,-0.035949,-0.053029,-0.024347
0.0098136,0.0059464,0.01078,-0.019513,-0.084933,-0.028214
0.003046,-0.0059775,0.0094914,0.0017569,-0.048839,-0.030792
0.0024015,-0.011456,0.00788,0.0033683,0.078135,-0.028214
0.0049796,-0.005333,0.0075578,0.025605,0.097793,-0.023702
0.013359,-0.01629,0.016904,0.04623,-0.025958,-0.025958
0.016904,-0.014034,0.020771,-0.042072,-0.049162,-0.028214
0.01497,-0.0088779,0.025605,-0.10105,0.03205,-0.031114
0.0082023,-0.012101,0.026249,-0.053029,0.17224,-0.024347
0.018193,-0.0066221,0.025605,-0.028214,0.086836,-0.016612
0.017548,-0.0037216,0.019482,-0.021446,0.011103,-0.017901
0.0075578,-0.0040439,0.019159,-0.02628,0.0033683,-0.026925
0.0049796,-0.014034,0.017548,-0.046261,-0.0043662,-0.027247
0.010136,-0.034337,-0.0021103,-0.060119,-0.0027548,-0.025636
0.0017569,-0.064308,-0.014679,-0.064953,-0.0033994,-0.024669
0.00788,-0.049484,-0.00017668,-0.056574,-0.0075889,-0.022735
0.016904,-0.0069443,0.034306,-0.015968,-0.0024326,-0.025314
0.017226,0.019482,0.037851,-0.02048,-0.030148,-0.024025
0.027861,0.0059464,0.0027237,-0.017257,-0.046261,-0.027247
0.019159,-0.024347,0.018193,0.055576,-0.015001,-0.020157
0.025927,-0.0056553,0.018515,-0.020802,0.01787,-0.019191
0.031406,-0.0062998,0.023349,0.020771,0.032695,-0.021124
0.012392,-0.021124,0.02496,0.042685,0.041074,-0.011134
0.011747,0.0017569,0.024638,0.079424,0.087803,-0.015968
0.0082023,-0.016935,0.015937,0.0675,0.068789,-0.023058
-0.0011435,-0.054318,0.0056242,0.0069132,0.03205,-0.024669
0.010136,-0.050128,0.006591,-0.018224,0.052031,-0.017257
0.0069132,-0.039816,0.013681,-0.045617,0.034306,-0.029503
-0.0098447,-0.026603,0.015614,-0.044327,0.028183,-0.033693
-0.0043662,0.011747,0.020449,-0.017579,-0.0024326,-0.034982
0.013359,0.016581,0.019804,0.01207,-0.005333,-0.034659
0.0046573,-0.045617,0.011747,-0.02628,0.027538,-0.030148
-0.011456,-0.066564,0.0085246,-0.048839,0.025605,-0.034982
-0.0075889,-0.051417,0.0091691,-0.049162,0.0036905,-0.030148
0.033017,-0.062375,0.01207,-0.044972,0.022382,-0.022735
0.041074,-0.040783,0.022382,-0.058507,0.02206,-0.021124
0.044941,-0.0098447,0.017226,-0.042072,0.01078,-0.024669
0.018837,-0.083644,0.0014347,0.01497,-0.0072666,-0.032404
0.012714,-0.070109,-0.022413,-0.019835,-0.047228,-0.034015
0.030761,0.077168,-0.029503,-0.019191,-0.062052,-0.031759
0.0024015,0.0020792,0.0017569,-0.005333,0.0704,-0.026603
-0.041749,-0.061408,0.069433,0.017548,0.13937,-0.024669
-0.02048,0.056865,0.097793,0.059765,0.059765,-0.027892
0.027216,0.030439,0.03205,0.042685,0.072334,-0.024991
0.053642,-0.031114,0.016581,-0.039816,0.026249,-0.019513
0.048164,-0.048195,0.011747,-0.038204,-0.0062998,-0.022091
0.0098136,-0.020802,0.012714,-0.047228,-0.03337,-0.024347
0.021738,0.012392,0.021415,-0.04046,-0.034982,-0.032081
0.0056242,0.025927,0.022704,-0.026603,0.045585,-0.023058
0.0094914,0.0085246,0.018837,-0.063341,0.08039,-0.012423
0.0033683,-0.076232,0.01497,-0.11329,0.08039,-0.014034
-0.0069443,-0.12715,0.014648,-0.10943,0.072978,-0.020157
0.0094914,-0.0082334,0.020449,-0.067853,-0.017257,-0.031437
0.016581,-0.034982,0.01787,-0.027247,-0.046261,-0.031114
0.024316,-0.026603,0.018515,0.069111,-0.015646,-0.034659
0.018193,-0.017901,0.026572,0.061054,-0.0095225,-0.047228
0.0085246,-0.0095225,0.014325,0.03624,-0.04046,-0.056251
0.0069132,-0.0050107,0.010458,-0.0088779,0.00014558,-0.04465
0.0033683,0.0040128,0.012392,0.027538,0.026249,-0.035949
-0.00017668,0.0046573,-0.0011435,-0.0030771,0.049775,-0.026925
0.0033683,0.03914,-0.0024326,-0.04755,0.050097,-0.020802
0.0033683,0.12003,-0.0040439,-0.01339,-0.020157,-0.017579
0.019804,0.0088468,0.01078,0.01787,-0.083322,-0.015968
0.011425,-0.065275,0.01207,-0.0043662,-0.082355,-0.032726
-0.0050107,-0.11071,-0.0014658,-0.015323,-0.019835,-0.02628
0.0046573,-0.10459,0.0011124,0.0069132,0.0085246,-0.017579
0.00014558,-0.070431,0.01078,-0.024991,0.17578,-0.011456
0.0024015,-0.077199,0.012714,-0.032726,0.23218,-0.0079111
0.0056242,-0.093635,0.036884,-0.077521,0.22444,-0.018546
0.0098136,-0.058507,0.043007,-0.10459,0.089092,-0.022091
0.015614,-0.022091,0.0027237,-0.079133,0.025927,-0.022413
0.016904,-0.022091,0.0091691,-0.0095225,0.0072355,-0.017579
0.0069132,-0.020157,0.027216,0.078779,0.0040128,-0.023702
0.0043351,-0.015001,0.015937,0.12003,0.0049796,-0.029181
0.010458,-0.011134,0.0017569,0.052353,0.01078,-0.028859
-0.0037216,-0.0075889,0.0027237,-0.010812,0.020449,-0.038849
-0.0069443,-0.0085557,0.022382,-0.071076,0.0091691,-0.03337
0.0033683,-0.001788,0.066533,-0.053351,-0.040138,-0.028859
0.00788,-0.012745,0.033017,-0.0043662,-0.11523,-0.019191
0.013036,-0.0098447,0.023027,-0.052062,-0.1062,-0.014357
0.023349,0.012714,0.021415,-0.055285,-0.013067,-0.015646
0.037529,0.0033683,-0.0059775,-0.048195,0.092314,-0.014034
0.016581,-0.029503,-0.024669,-0.0079111,0.15065,-0.018546
0.0062687,0.0011124,0.016904,-0.0043662,0.15226,-0.024347
0.02206,-0.0030771,0.024638,-0.049806,0.035917,-0.029503
0.02496,-0.023702,0.0091691,-0.024669,-0.03337,-0.035626
0.016581,-0.049162,0.025927,0.031083,-0.024347,-0.031759
0.016259,-0.10137,0.010458,0.029794,0.0069132,-0.034659
0.014325,-0.065597,0.0075578,0.00788,0.068467,-0.036915
0.013036,0.075556,-0.0021103,0.00788,0.092637,-0.035304
0.014003,0.08168,-0.0059775,-0.0075889,0.081035,-0.02757
0.0091691,-0.048195,0.038496,0.015937,0.0091691,-0.024991
0.018515,0.086191,0.079101,0.028183,-0.074298,-0.02338
-0.0030771,-0.054962,0.011425,-0.033048,-0.054318,-0.025636
-0.022091,-0.15035,0.00079012,-0.086222,-0.005333,-0.020802
-0.015001,0.0085246,-0.011134,-0.15068,-0.0059775,-0.025636
-0.020802,-0.083967,-0.035626,-0.11716,0.031728,-0.028859
0.01078,-0.054962,-0.036915,-0.025636,0.050742,-0.024347
0.029794,0.019482,0.00046785,0.0024015,0.060088,-0.019513
0.043007,0.0098136,0.12486,0.031406,0.0069132,-0.017257
0.04913,-0.0092002,0.090381,0.10843,0.013681,-0.022413
0.032695,-0.031759,-0.0062998,0.069756,0.10811,-0.015968
0.016581,-0.010489,0.044619,-0.0098447,0.13872,-0.021446
0.015292,0.006591,0.012392,-0.028214,0.025605,-0.032081
0.016904,-0.019191,0.022382,-0.051095,0.013359,-0.025314
0.014648,-0.044327,0.0036905,-0.053351,-0.0088779,-0.025314
0.0027237,-0.035626,-0.0037216,-0.040783,-0.031114,-0.031114
-0.012101,-0.022091,0.013036,-0.029825,-0.048517,-0.023058
-0.020157,-0.018546,0.014003,-0.043038,-0.074943,-0.018546
-0.00049895,-0.020157,0.018837,-0.040138,-0.066886,-0.018224
0.025283,-0.011456,0.013036,0.014648,0.063955,-0.016612
0.019804,-0.0062998,0.016259,0.02496,0.097793,-0.0088779
0.010136,-0.016612,0.013036,0.0033683,0.020126,-0.021769
0.031406,0.018193,0.010458,0.021415,0.0704,-0.025958
0.037529,-0.015323,0.01497,0.0091691,0.065566,-0.026603
0.018193,-0.09009,0.013681,-0.036271,0.031728,-0.028536
0.0056242,-0.065919,0.0072355,-0.094601,0.032695,-0.038849
0.0053019,-0.074298,0.014648,-0.069464,0.036562,-0.042394
-0.00049895,-0.088478,0.0091691,-0.028536,0.028827,-0.042072
0.0059464,-0.0011435,0.0069132,0.010136,0.003046,-0.039171
0.0082023,0.093603,0.026249,0.016259,-0.010489,-0.035304
0.0072355,-0.043683,0.030117,0.017226,0.01207,-0.030792
0.0024015,-0.015001,0.01787,-0.035949,0.030439,-0.031759
0.0091691,-0.0043662,0.01787,-0.091056,-0.0059775,-0.02628
0.0082023,0.011103,0.028505,-0.10653,-0.053673,-0.027247
0.0059464,-0.0059775,0.012714,-0.047228,-0.084611,-0.026925
0.0014347,-0.044005,-0.024669,-0.0050107,-0.061085,-0.016935
0.012392,-0.044005,-0.03337,0.028183,0.079101,-0.012745
0.023027,-0.014034,-0.0088779,0.0033683,0.11391,-0.015646
0.0056242,-0.0037216,0.060088,-0.024669,0.032695,-0.023058
0.011103,-0.0030771,0.070078,-0.059152,0.0043351,-0.021769
0.018837,-0.029181,0.019159,-0.073976,0.068789,-0.023058
0.018515,-0.011456,0.00788,0.02496,0.05622,-0.018224
0.0072355,0.059443,0.0072355,0.055254,-0.04465,-0.024347
0.0014347,0.037529,0.0062687,-0.0075889,0.003046,-0.022091
0.016259,0.047841,0.0098136,0.011747,0.034628,-0.024669
0.011103,0.057832,0.0033683,0.095215,0.060088,-0.028214
-0.0062998,-0.14906,0.0043351,0.089414,0.052031,-0.023058
-0.00082122,-0.19869,0.031406,0.024638,0.038173,-0.025958
0.0062687,-0.09718,0.056543,0.0094914,0.026249,-0.027247
0.012714,-0.038849,0.013036,-0.0027548,0.0027237,-0.024669
0.018193,-0.070754,0.013036,-0.012101,0.0024015,-0.027247
0.01497,-0.053673,0.015292,-0.019191,0.021738,-0.027892
-0.0095225,-0.037882,0.01078,-0.010167,0.045585,-0.02628
0.00079012,-0.027247,0.016904,-0.024669,-0.005333,-0.027247
0.019159,-0.0011435,0.015614,-0.043683,-0.023702,-0.02338
0.0088468,-0.011134,0.0098136,-0.063664,0.027216,-0.024991
-0.0066221,-0.011134,0.0091691,-0.065275,0.038496,-0.031437
0.015614,-0.0037216,0.012714,-0.078166,0.074912,-0.029825
0.024638,-0.0082334,0.0069132,-0.063019,0.13099,-0.02757
0.027861,-0.011456,0.0046573,-0.044972,0.073301,-0.035949
0.013681,-0.014357,0.0049796,-0.030148,0.0020792,-0.038527
0.018193,-0.011134,0.006591,0.00046785,-0.011134,-0.038204
0.0085246,-0.012423,0.0046573,-0.038204,-0.034982,-0.038849
0.006591,-0.02338,0.0027237,-0.042716,-0.057218,-0.034337
0.0046573,-0.035949,0.0049796,-0.050773,-0.074943,-0.035949
-0.0024326,0.059121,0.05332,-0.063664,-0.010489,-0.036593
-0.0072666,0.15387,0.051709,0.0094914,0.086514,-0.03337
0.0062687,-0.092023,0.0043351,-0.021124,0.085869,-0.024991
0.044941,-0.095246,0.030117,0.0085246,0.053964,-0.014679
0.014648,-0.0059775,0.026894,0.00014558,0.042685,-0.022091
-0.019835,-0.17485,0.012392,-0.021446,0.078135,-0.03047
0.0069132,-0.02338,0.020771,-0.0092002,0.036562,-0.027892
0.02496,0.026249,0.02496,0.063955,-0.014357,-0.024991
0.027216,0.00079012,0.027538,0.018837,-0.04755,-0.014034
0.0062687,-0.0027548,0.016581,-0.093635,-0.013067,-0.022091
0.010136,0.020449,0.0011124,-0.048839,0.10424,-0.02628
0.023993,0.026572,0.0094914,-0.015968,0.046552,-0.017901
0.033339,-0.033048,0.016904,0.01078,0.019159,-0.0085557
0.023349,-0.059796,0.019159,0.060732,0.043007,-0.010167
0.028505,0.08039,0.022704,0.0036905,0.0056242,-0.01339
0.012714,0.14903,0.01078,-0.11877,-0.047872,-0.017579
0.0059464,0.0049796,0.0011124,-0.050451,-0.090412,-0.025314
0.013681,-0.19225,0.012714,-0.022413,0.041718,-0.018868
0.014648,-0.29151,0.018193,0.0704,0.18094,-0.022413
0.006591,-0.011456,0.024638,0.11584,0.21864,-0.024669
-0.0098447,0.17707,0.015937,0.040107,0.09457,-0.024669
-0.0075889,-0.0037216,0.014648,0.052353,-0.029825,-0.025958
0.0017569,-0.10298,0.010136,0.042685,-0.01629,-0.022735
0.020126,-0.14326,0.015937,-0.069787,0.020126,-0.018546
0.032695,-0.077843,0.016904,-0.088478,0.028827,-0.012745
0.0062687,-0.043683,0.017226,-0.042716,-0.0075889,-0.014357
0.0046573,-0.025636,0.019159,-0.082033,-0.041105,-0.023702
0.01078,-0.014357,0.010136,-0.10491,-0.056896,-0.021769
0.014648,-0.0092002,0.0040128,0.006591,-0.02628,-0.023058
0.01787,-0.011778,0.0053019,-0.022735,-0.011134,-0.028536
0.012392,-0.011134,0.0072355,-0.043038,0.014325,-0.03337
0.020771,0.04623,0.016904,0.003046,-0.015323,-0.034659
0.020449,0.11648,0.019482,0.025283,-0.019513,-0.02757
0.0036905,-0.029503,0.011103,0.061054,-0.03047,-0.027247
0.01078,-0.12425,0.018515,0.049775,0.00014558,-0.022735
-0.0011435,-0.09009,0.027216,0.061699,0.10102,-0.024025
-0.0092002,-0.023058,0.023349,-0.012423,0.1123,-0.033048
0.01078,-0.0011435,0.0082023,-0.10234,0.051386,-0.033693
0.013036,0.015614,0.01787,-0.11297,0.04333,-0.02628
0.0017569,-0.0030771,0.013681,-0.12296,0.038818,-0.041427
0.0033683,-0.022735,0.01207,-0.082677,0.033017,-0.05174
-0.00082122,-0.045939,0.013681,-0.015001,0.024638,-0.046261
-0.0030771,-0.05883,-0.0075889,0.023349,0.0020792,-0.044972
0.003046,0.0024015,-0.012423,-0.0037216,-0.045294,-0.038849
0.0098136,0.10456,0.0062687,-0.037882,-0.082033,-0.024669
-0.010167,-0.070754,0.048808,-0.066564,-0.045939,-0.020802
-0.014034,-0.042072,0.073301,-0.088801,0.035273,-0.022735
0.014648,-0.013712,0.017548,-0.10298,0.090703,-0.017579
0.026572,-0.11909,0.01497,-0.06463,0.059121,-0.01339
0.017548,-0.15906,0.0094914,-0.034659,0.02206,-0.019835
0.02206,0.062021,0.025283,-0.043038,0.078779,-0.01339
0.052998,0.085225,0.034306,-0.022413,0.10843,-0.023702
0.033017,0.018837,0.032372,0.082646,0.025927,-0.029825
0.023027,0.099404,0.027216,0.062343,0.0075578,-0.028859
0.032372,-0.015646,0.0020792,-0.070109,-0.0040439,-0.031437
0.010136,-0.064308,-0.0050107,0.025927,0.010136,-0.033048
0.012714,-0.033693,-0.0024326,0.20156,0.046552,-0.025636
0.015614,-0.050128,0.006591,0.15612,0.046875,-0.018868
0.01787,-0.037238,0.022382,0.10778,0.054609,-0.020802
0.019159,-0.001788,0.029794,0.050742,0.069433,-0.017579
0.0014347,-0.095246,0.017548,-0.076877,0.037851,-0.015646
-0.021446,-0.037882,0.003046,-0.081066,-0.040783,-0.024669
-0.017579,-0.0037216,0.013681,-0.083322,-0.076554,-0.032081
0.0046573,-0.0037216,0.01078,-0.063664,-0.11362,-0.027892
0.010458,-0.02338,0.006591,-0.02338,-0.068175,-0.017257
0.0082023,-0.028536,0.00788,0.019159,0.10714,-0.017901
0.021415,-0.010489,0.013359,0.0043351,0.27633,-0.020157
0.016904,-0.0056553,0.021093,-0.06882,0.13228,-0.032081
0.018193,0.066211,0.024316,-0.065919,0.013036,-0.030792
0.012714,0.16998,0.01497,-0.046261,0.020771,-0.026925
-0.0011435,0.11713,0.017548,-0.077843,-0.039816,-0.036593
-0.001788,-0.15454,0.012392,-0.034015,-0.031759,-0.044005
0.029472,-0.24123,0.021415,0.038173,0.040107,-0.030792
0.038496,-0.18806,0.011425,-0.047872,0.0091691,-0.026925
0.034951,-0.12038,0.0014347,-0.011456,-0.0014658,-0.020802
0.019482,-0.11394,0.012392,0.043652,0.0069132,-0.019191
0.020126,0.046875,0.020449,0.052353,0.0072355,-0.018546
-0.0024326,0.079424,0.01787,-0.0030771,0.035273,-0.022091
-0.037238,-0.065597,0.017548,-0.04046,0.010458,-0.02628
-0.035304,0.012714,0.018837,-0.023702,-0.012423,-0.032404
-0.0098447,0.033984,0.026894,-0.0088779,-0.019513,-0.028214
0.026894,0.088125,0.020771,-0.040783,-0.049484,-0.033693
0.052031,0.16386,0.017548,-0.083322,-0.060763,-0.031114
0.030117,0.078135,0.020126,-0.03337,0.10005,-0.016612
0.019804,-0.12167,0.015292,-0.044972,0.21735,-0.012423
0.02206,-0.16872,0.012392,-0.090412,0.066533,-0.021124
0.013681,-0.09718,0.016259,-0.043038,0.059765,-0.020157
0.0059464,-0.083644,0.016581,-0.016612,0.0098136,-0.020802
0.0082023,-0.060441,0.014325,-0.051095,-0.058507,-0.022091
0.0024015,0.00014558,0.017548,-0.056574,-0.091379,-0.028536
-0.0033994,0.03914,0.015937,-0.029503,-0.064308,-0.032404
-0.0024326,-0.060763,0.014325,-0.001788,-0.0037216,-0.017579
-0.012745,-0.085578,0.012392,-0.00082122,0.094893,-0.02628
-0.0095225,-0.062375,0.011747,-0.014034,0.13099,-0.03047
0.00079012,-0.060441,0.011103,-0.019835,0.060088,-0.022413
0.019482,-0.094279,0.012714,-0.020802,0.067177,-0.019835
0.016904,0.00079012,0.013036,0.0085246,0.047197,-0.027247
0.0075578,0.051709,0.0094914,-0.015646,-0.0024326,-0.035304
0.013036,-0.071398,0.0043351,-0.024669,-0.047872,-0.029825
0.020771,0.017548,0.01207,0.072334,-0.005333,-0.037238
0.030117,0.1023,0.026894,0.13647,0.067177,-0.034337
0.010458,-0.039171,0.017548,0.01497,0.071367,-0.039171
0.01787,-0.001788,0.016581,0.030761,0.11036,-0.034015
0.016581,0.031406,0.015292,-0.019191,0.062666,-0.024669
0.0062687,0.023349,0.0098136,-0.077199,-0.023702,-0.029181
0.02206,0.014648,0.013036,-0.053029,-0.054962,-0.025636
0.0094914,-0.035304,0.010458,-0.031114,-0.090412,-0.022091
0.00046785,-0.03756,0.014325,-0.0043662,-0.087511,-0.01629
0.0098136,-0.0046884,0.021738,-0.044327,-0.04755,-0.015646
0.0056242,-0.018224,0.023027,-0.078488,-0.0050107,-0.021769
0.0085246,-0.01629,0.0059464,0.015937,0.062021,-0.023058
0.019159,-0.046906,-0.021446,0.073623,0.12067,-0.017257
0.022382,-0.028214,-0.012745,0.048164,0.077168,-0.014679
0.01078,0.0091691,0.0011124,0.006591,0.053642,-0.017901
0.013036,-0.041427,0.060088,-0.030148,0.006591,-0.032404
0.011425,-0.055607,0.086191,-0.05464,-0.031437,-0.028536
0.010458,-0.048517,0.031406,-0.031114,-0.014357,-0.025636
0.014325,-0.039171,0.00788,-0.050128,-0.036593,-0.033693
0.0085246,-0.02048,0.0027237,-0.055607,-0.045294,-0.033693
0.0056242,-0.0043662,0.0014347,-0.023702,0.043007,-0.019835
0.0053019,-0.011134,-0.005333,-0.067209,0.093281,-0.020157
0.0027237,-0.02757,0.028505,-0.068498,-0.023058,-0.034982
0.0059464,-0.021446,0.058154,-0.0085557,-0.0030771,-0.036593
-0.0011435,-0.026603,0.020771,0.0056242,0.10198,-0.037238
-0.0033994,-0.024025,0.013359,-0.0050107,0.14549,-0.03047
-0.00082122,-0.021124,0.0082023,0.0085246,0.092314,-0.023058
0.018837,-0.02628,0.0017569,0.098115,0.080068,-0.014679
0.021415,-0.024025,0.0033683,0.023027,0.077168,-0.017901
0.0053019,0.022382,0.032372,-0.036271,0.016904,-0.02338
0.01207,0.039785,0.053964,-0.0082334,-0.024347,-0.027892
0.031728,-0.034982,0.016904,0.0069132,-0.0037216,-0.024025
-0.00017668,-0.017579,0.021093,-0.044327,-0.011778,-0.030148
-0.0088779,0.10972,0.022382,-0.083322,-0.00082122,-0.024669
0.0014347,-0.018224,0.0056242,-0.099758,0.018515,-0.024025
-0.016612,-0.18709,-0.0062998,-0.07591,-0.024347,-0.029181
0.038818,-0.082677,0.015292,-0.052062,-0.024991,-0.022735
0.037851,-0.048517,0.021093,0.017548,0.0036905,-0.021124
0.034951,-0.046906,0.016904,0.11938,0.065244,-0.021446
0.028505,-0.038527,0.011103,0.087803,0.085547,-0.026925
0.040429,-0.024669,0.012714,-0.026603,-0.073654,-0.02628
0.024638,-0.0095225,-0.0050107,-0.1091,-0.19386,-0.025636
0.018515,0.09167,-0.0075889,-0.11684,-0.089445,-0.025636
0.021738,0.048164,-0.010489,-0.055607,0.22348,-0.017579
0.016904,-0.17485,0.00046785,0.021415,0.22896,-0.020802
0.0088468,-0.1452,0.017548,-0.070109,0.078779,-0.019835
-0.00049895,0.018193,0.019159,-0.1481,0.09876,-0.019191
-0.0059775,-0.031114,0.016904,-0.10298,0.040751,-0.026603
0.0053019,-0.0082334,0.018837,-0.001788,0.021093,-0.021769
0.0049796,-0.024025,0.019804,0.081035,0.055898,-0.023058
0.011425,-0.014679,0.023349,0.12454,0.0046573,-0.022735
0.012392,-0.0082334,0.018837,-0.00082122,-0.073976,-0.031759
-0.01629,0.018837,0.014648,0.0091691,-0.044972,-0.035949
-0.019191,0.12454,0.027861,0.074912,-0.0072666,-0.026925
0.0075578,0.042041,0.02206,0.030761,0.0075578,-0.021769
0.044296,-0.077521,0.035917,0.00079012,0.021093,-0.018546
0.023671,-0.10588,0.029472,-0.0033994,0.063633,-0.015646
0.0075578,-0.076554,0.003046,-0.0069443,0.037851,-0.021124
0.011103,0.028183,0.010136,-0.018224,-0.026603,-0.017901
0.016581,-0.025958,0.0094914,-0.014679,-0.042716,-0.018868
0.0049796,-0.03337,0.003046,-0.014357,0.029472,-0.02628
-0.011134,0.074912,0.0043351,-0.0069443,0.12712,-0.033693
-0.0056553,-0.02757,0.0082023,-0.073654,0.023027,-0.052706
0.006591,-0.17066,0.030439,-0.083,0.021093,-0.043683
-0.00049895,-0.10169,0.039462,-0.077521,0.066533,-0.029503
0.00079012,-0.07591,0.011425,-0.014034,0.046875,-0.027892
0.0088468,-0.045617,0.0075578,0.015937,0.031728,-0.035949
0.00788,0.033017,0.018837,0.019482,0.029794,-0.034659
0.0091691,-0.0030771,0.029794,0.036884,0.030439,-0.029503
0.00014558,-0.010167,-0.001788,0.038818,0.02496,-0.021124
-0.0037216,-0.011456,0.011425,-0.016612,0.026572,-0.020802
0.021093,-0.0075889,0.013681,-0.069142,0.02496,-0.0095225
0.045585,-0.0043662,0.027861,-0.060763,0.016581,-0.0043662
0.039462,0.014003,0.021093,-0.030792,-0.017901,-0.014034
0.015937,0.028183,0.013359,-0.037238,-0.039816,-0.011778
0.015292,0.030117,0.020126,-0.044327,-0.030792,-0.022091
0.014325,-0.032081,0.023349,-0.019835,-0.03047,-0.035626
0.003046,-0.070431,0.016581,-0.017257,-0.022735,-0.042394
0.023993,-0.010489,0.014648,-0.0056553,0.0059464,-0.036593
0.0098136,0.00046785,0.015614,0.0020792,0.015614,-0.039816
-0.00017668,-0.017579,0.013359,0.0046573,-0.012423,-0.051417
0.0024015,-0.012423,0.01207,0.0091691,-0.021124,-0.052062
-0.00017668,-0.01629,0.00079012,-0.036271,-0.028214,-0.05174
-0.015968,-0.020157,-0.001788,-0.07172,-0.049806,-0.053673
-0.014034,-0.019191,-0.0027548,-0.12071,-0.027247,-0.043361
0.0036905,-0.013712,-0.0043662,-0.10556,0.022382,-0.037882
0.018193,-0.010167,0.047197,-0.044005,0.060732,-0.035304
0.023671,-0.012101,0.0675,0.036884,0.11584,-0.010489
0.01497,-0.020802,0.028183,0.096504,0.14839,0.0027237
-0.0085557,-0.034659,0.019482,0.046875,0.13066,0.0033683
0.0033683,-0.033048,0.02496,0.018193,0.070078,-0.01629
0.025283,-0.036271,0.019804,0.017548,0.0094914,-0.01629
0.020126,-0.034337,0.011425,0.0011124,0.0011124,-0.012423
0.031406,-0.00049895,0.012714,-0.01339,0.020771,-0.011778
0.023349,0.015937,0.0024015,-0.03337,0.034951,-0.024991
0.010458,0.026572,-0.025636,-0.029825,0.083613,-0.031437
0.021093,0.006591,-0.044972,-0.033693,0.050419,-0.024669
0.015937,-0.14455,-0.027247,-0.049162,-0.020802,-0.019513
0.02206,-0.10491,0.041396,-0.038527,-0.057863,-0.021446
0.017226,-0.028859,0.099082,-0.0030771,-0.047872,-0.035626
0.015937,-0.031114,0.074267,-0.010167,-0.014679,-0.034982
0.0098136,-0.023058,0.029472,-0.066242,0.043974,-0.019835
-0.017579,0.026572,0.013681,-0.1033,0.17804,-0.02048
-0.011134,0.08748,0.0053019,-0.023058,0.090381,-0.02048
0.006591,-0.034982,-0.0030771,-0.028214,-0.0092002,-0.016612
0.01497,-0.13585,0.0043351,-0.031759,-0.020157,-0.015323
0.030439,-0.074298,0.016581,0.072656,-0.030792,-0.017901
0.029794,-0.042072,0.019159,0.086514,0.030439,-0.020802
0.050097,-0.0056553,0.025605,0.0024015,0.035595,-0.019191
0.0069132,-0.028214,0.018515,0.020449,0.041396,-0.025636
0.023671,-0.022091,0.022704,-0.0072666,0.10617,-0.017579
0.016904,0.0082023,0.016259,-0.072043,0.026572,-0.015968
0.011747,0.072656,0.0043351,-0.10653,-0.093635,-0.025314
0.010458,-0.014034,0.0020792,-0.10491,-0.11684,-0.028859
0.0020792,-0.099758,0.0056242,-0.069142,-0.11426,-0.037238
-0.0043662,-0.010812,0.013359,0.047519,0.1413,-0.033048
-0.005333,0.014648,0.0091691,0.093281,0.31146,-0.020802
0.0085246,0.014648,0.0024015,0.05332,0.069433,-0.028859
0.021738,-0.09009,0.011103,0.046875,0.078457,-0.044005
0.013681,-0.074621,0.023671,0.02915,0.063633,-0.034659
0.0011124,0.0036905,0.044296,0.067822,0.033662,-0.032404
0.011103,-0.068498,0.04333,0.03624,0.010458,-0.026925
0.0033683,-0.0011435,0.026894,-0.063664,-0.029825,-0.025958
0.00079012,0.015937,0.0072355,-0.12586,-0.046583,-0.02628
-0.00049895,0.034306,-0.021446,-0.093635,-0.055285,-0.028536
-0.0043662,-0.012745,-0.021769,-0.01629,-0.03047,-0.032404
0.0098136,-0.037238,0.0059464,0.013036,0.033662,-0.02757
0.018515,-0.033048,0.015614,0.0075578,0.048486,-0.027247
0.015937,-0.05464,0.01497,0.016581,0.052031,-0.024669
0.014648,-0.0072666,0.0091691,-0.049162,0.018515,-0.023702
0.003046,-0.0079111,0.0017569,-0.078488,-0.032404,-0.035626
0.01207,-0.025958,0.018193,-0.032726,-0.025636,-0.033048
0.020126,-0.073009,0.016581,-0.023702,0.0046573,-0.018224
0.019159,-0.013067,0.018515,-0.020157,0.027216,-0.013067
-0.0011435,0.015614,0.0046573,-0.02048,0.017226,-0.014679
0.0049796,-0.051095,-0.012423,-0.033693,-0.011456,-0.024025
0.006591,-0.014034,-0.015001,-0.059474,-0.022735,-0.021769
0.0011124,0.074912,-0.017901,-0.07172,0.0033683,-0.019835
0.0056242,0.16418,0.022704,-0.075265,0.038496,-0.019191
0.014325,-0.042072,0.023027,-0.035949,0.055254,-0.026925
0.013036,-0.1771,-0.020157,-0.016612,0.045263,-0.02757
0.0049796,-0.048839,0.091025,0.03205,0.017226,-0.02757
0.011103,-0.066564,0.08748,0.04913,0.0053019,-0.023702
0.015292,-0.091379,0.052998,0.017548,0.024316,-0.019513
0.016904,-0.025636,0.050097,0.011747,0.046552,-0.015001
0.010136,-0.0069443,0.01497,0.023671,0.03205,-0.02048
-0.013712,-0.00049895,0.022704,-0.0059775,0.01497,-0.02757
0.012714,-0.013712,0.0053019,-0.0030771,0.013681,-0.022735
0.032372,-0.0098447,0.01497,0.061054,0.026249,-0.024347
0.011425,-0.056251,0.02206,0.006591,0.059443,-0.026925
0.032372,-0.02338,0.01497,-0.064308,0.013036,-0.033048
-0.0059775,-0.040783,0.010136,-0.05174,0.02206,-0.03337
-0.028536,-0.040783,0.0075578,-0.099435,0.094248,-0.032404
-0.0024326,0.0098136,0.015292,-0.082033,0.052675,-0.028859
0.0088468,0.0049796,0.032372,0.021093,0.045908,-0.019835
0.024316,0.00788,0.032372,0.042685,0.031728,-0.016612
0.02206,-0.034337,-0.0014658,-0.034337,-0.017257,-0.030792
0.02915,-0.0095225,0.0091691,-0.010489,0.0027237,-0.031759
0.051064,0.035595,-0.0082334,0.0040128,0.031083,-0.027247
0.016581,-0.0030771,-0.012101,-0.020802,0.015292,-0.030792
0.011103,-0.028859,-0.010812,0.079101,0.0072355,-0.032726
0.018837,-0.03047,0.0094914,0.069111,0.021093,-0.032404
0.019804,-0.041105,0.059443,-0.15454,-0.0021103,-0.028214
0.023671,-0.037238,0.034628,-0.10524,-0.0079111,-0.027892
0.017548,-0.034337,-0.0072666,-0.013067,0.0072355,-0.024347
-0.0085557,-0.033693,0.01078,-0.010489,-0.0056553,-0.022413
-0.0046884,0.0094914,0.041718,-0.057863,-0.06463,-0.025636
0.016581,0.066533,0.044941,-0.048195,-0.097824,-0.026925
0.039462,0.026894,0.017548,0.010458,-0.046261,-0.034337
0.0098136,-0.073009,0.020449,-0.00082122,0.0043351,-0.041427
-0.019835,-0.12618,0.0091691,-0.072365,0.065244,-0.042072
-0.0075889,0.02496,-0.010489,-0.033048,0.11165,-0.043361
0.0085246,0.14291,0.023349,0.076201,0.051386,-0.036593
-0.018224,0.077812,0.02206,0.069111,0.10907,-0.023702
0.0059464,-0.095568,0.013681,-0.0056553,0.17997,-0.0082334
0.027861,-0.17549,-0.00049895,0.021093,0.039462,-0.01339
0.023993,-0.1336,-0.02757,0.027538,-0.0075889,-0.022091
0.033017,-0.093635,-0.024991,-0.059152,-0.03047,-0.026603
0.015937,-0.065597,-0.00017668,-0.037882,0.11455,-0.019835
0.016581,-0.048839,0.082969,0.0036905,0.11971,-0.012101
0.0069132,-0.021446,0.073301,0.0033683,0.054287,-0.02048
-0.0072666,-0.024991,0.0059464,-0.013712,-0.0043662,-0.027247
0.0036905,0.0020792,0.012392,-0.019835,-0.043038,-0.026603
0.0094914,-0.023702,0.013036,-0.015968,0.089414,-0.02338
0.027538,-0.027247,0.01787,-0.0062998,0.14323,-0.023702
0.01787,-0.0040439,0.016259,-0.046906,-0.022413,-0.018868
0.018837,-0.025636,0.0062687,-0.035949,-0.033048,-0.011778
0.023027,0.015292,0.0062687,-0.011778,0.0059464,-0.01629
0.0059464,-0.0079111,0.0049796,-0.043361,0.010458,-0.031437
-0.0033994,-0.0066221,0.00046785,-0.097824,-0.034982,-0.029503
0.00046785,-0.0062998,0.0036905,-0.12941,-0.010167,-0.030148
0.01078,-0.084933,0.00079012,-0.086545,0.015937,-0.032404
0.026249,-0.093635,0.010136,-0.054318,0.027538,-0.020802
0.017548,0.10198,0.026572,0.014003,0.00079012,-0.027247
-0.0014658,0.044619,0.020771,0.006591,-0.010489,-0.031759
0.0049796,-0.045294,0.020771,-0.014034,-0.050773,-0.035304
0.02496,0.017548,0.033984,0.093603,-0.083322,-0.026603
0.013036,-0.0062998,0.031406,0.073623,-0.030792,-0.022735
0.0017569,0.0059464,0.02206,-0.022735,0.023349,-0.030148
0.0053019,-0.0046884,0.019482,0.026572,-0.020157,-0.021446
0.014648,-0.014679,0.015937,0.019159,0.040751,-0.02338
0.0017569,-0.02338,0.006591,-0.093635,0.070078,-0.046261
-0.0050107,-0.024025,0.0014347,-0.038849,0.079101,-0.032081
0.014325,-0.017257,0.013036,0.012392,0.077168,-0.014357
0.0098136,-0.025636,0.01497,0.0011124,0.0094914,-0.023702
0.0085246,-0.036593,0.016259,-0.00049895,0.0053019,-0.023702
0.014003,-0.028214,0.018515,-0.010812,0.02915,-0.023702
0.0069132,-0.045617,0.01207,-0.03047,0.069111,-0.019835
0.0094914,-0.092346,0.012392,-0.042394,0.044941,-0.024669
0.012392,-0.048195,0.0062687,-0.070109,0.0094914,-0.022735
0.0024015,0.047197,0.0069132,-0.058185,-0.0072666,-0.03337
0.0033683,-0.0027548,0.0069132,-0.027892,0.024316,-0.036271
0.010136,-0.024347,0.017226,-0.0066221,0.055254,-0.022413
0.017226,-0.0059775,0.016581,-0.052062,0.0059464,-0.023058
0.016904,-0.028214,0.014648,0.003046,0.013036,-0.020157
0.0069132,-0.034659,0.015292,0.043007,-0.0046884,-0.025958
0.01497,-0.011456,0.023671,0.036562,-0.039493,-0.030792
-0.0046884,0.0014347,0.029472,0.066533,-0.0046884,-0.021446
0.012392,0.025283,0.028827,0.099404,0.059121,-0.013067
0.020771,-0.022413,0.024316,0.0014347,0.10649,-0.011456
0.015937,-0.041105,0.014325,-0.033693,0.042363,-0.013712
0.019159,-0.054318,0.0046573,-0.049162,-0.035304,-0.023058
0.0033683,-0.10298,0.0020792,-0.077521,-0.070754,-0.037882
0.0059464,-0.087834,0.0062687,-0.066242,-0.069787,-0.038204
0.028505,0.15,0.013359,-0.037238,0.043974,-0.038527
-0.0030771,0.17933,0.015292,-0.026925,0.20962,-0.039816
-0.012745,-0.1004,0.015937,-0.051417,0.13518,-0.033693
-0.00017668,-0.1481,0.019482,-0.04755,0.0072355,-0.029503
-0.0021103,-0.17162,0.0062687,0.021738,0.022704,-0.02338
0.0024015,-0.074621,0.0046573,0.01787,0.046552,-0.022091
0.02496,-0.02338,0.017226,-0.035304,0.079424,-0.010489
0.053642,0.015292,0.034628,0.016581,0.067177,-0.0079111
0.034306,0.020449,0.026572,0.034306,0.00014558,-0.016935
-0.0011435,0.026894,-0.0014658,-0.023058,-0.01629,-0.019191
0.011425,0.077812,-0.0088779,-0.052384,0.016259,-0.025636
0.037851,0.0094914,0.0024015,-0.06173,0.0062687,-0.021124
0.020449,-0.18838,0.03624,-0.083967,-0.033693,-0.019835
0.0059464,-0.06882,0.045263,-0.031437,-0.024025,-0.019513
0.0046573,0.067822,0.0027237,0.022704,0.010136,-0.025636
0.006591,-0.04755,0.048486,-0.0033994,-0.035304,-0.040783
0.017548,-0.065919,0.033017,-0.045617,-0.11168,-0.039816
0.0053019,-0.079777,0.011747,-0.0092002,-0.063664,-0.03337
0.0088468,0.012392,0.028505,-0.011778,0.13937,-0.027892
0.0088468,0.22863,0.032695,-0.035949,0.24636,-0.023058
0.0033683,0.21091,0.022704,-0.049162,0.095859,-0.02757
0.0091691,-0.029825,0.028827,0.0075578,0.067822,-0.027892
-0.0062998,-0.30569,0.024638,0.072978,0.049453,-0.029181
0.015614,-0.14939,0.018515,0.036562,0.013359,-0.022735
0.023993,-0.081066,0.011103,-0.024347,0.014648,-0.02338
0.011747,-0.057863,-0.001788,-0.03047,0.022382,-0.02628
0.0069132,-0.057863,0.006591,-0.012423,-0.025314,-0.029503
0.011747,-0.058507,0.0082023,-0.045294,-0.055285,-0.034015
0.013681,-0.034337,-0.020802,-0.080744,-0.03756,-0.032404
0.015614,-0.025314,-0.020157,-0.07881,-0.03756,-0.023702
-0.00017668,-0.019513,-0.0050107,-0.039816,-0.01339,-0.02048
0.0053019,0.0075578,0.038818,-0.043038,0.013681,-0.025958
0.0049796,0.045585,0.053642,-0.021769,0.037206,-0.020802
0.00046785,0.017226,0.006591,0.0072355,0.050097,-0.015323
0.013036,-0.016935,0.020126,0.057187,0.031406,-0.017579
0.016581,-0.059152,0.0049796,0.0094914,-0.017579,-0.02628
0.044296,-0.097502,-0.024991,-0.03047,0.00046785,-0.024025
0.019159,-0.044005,-0.017901,-0.091379,0.0036905,-0.022413
-0.001788,0.10553,0.019159,-0.068175,-0.047872,-0.024669
-0.014357,0.0053019,0.079424,-0.023058,-0.021124,-0.023702
-0.012423,-0.011456,0.067177,0.03205,0.1239,-0.026603
-0.0059775,0.019159,0.020449,0.048808,0.10939,-0.031759
0.016259,-0.0027548,0.045585,0.0675,0.031728,-0.03337
0.040107,-0.00082122,0.056865,-0.00017668,0.023671,-0.031114
0.043007,-0.11748,-0.012101,-0.022735,0.0082023,-0.028859
0.020771,-0.062697,-0.015968,-0.034659,-0.0059775,-0.025636
0.019482,0.11584,0.012392,-0.056574,0.068144,-0.015323
0.014003,0.015292,0.006591,-0.0021103,0.21832,-0.015646
0.01078,0.043974,-0.0027548,-0.042072,0.066211,-0.03047
0.0043351,0.050097,0.0014347,-0.10685,-0.027247,-0.02048
-0.0037216,-0.019191,0.0088468,-0.056574,0.023993,-0.014034
0.010458,-0.055929,0.016259,0.013681,0.054609,-0.012745
-0.0024326,-0.073009,0.011747,0.081357,0.006591,-0.018868
0.00046785,-0.035626,0.0082023,0.083935,0.0049796,-0.035304
0.01078,-0.030792,0.016259,0.033984,0.017548,-0.038204
0.020771,-0.019835,0.01787,0.065244,0.025605,-0.033693
0.02496,-0.025636,0.014325,0.092637,0.012714,-0.031114
0.012392,-0.018546,0.011103,0.022704,0.051386,-0.042716
0.0027237,-0.015968,0.011747,-0.02048,0.074912,-0.046906
0.0098136,-0.036271,0.011103,-0.050128,0.017226,-0.044972
0.010136,-0.046261,0.0072355,-0.091056,-0.024025,-0.03756
0.0062687,-0.051095,0.0091691,-0.067209,-0.03047,-0.038204
0.0094914,-0.073009,0.01787,-0.038527,-0.060763,-0.035304
0.0075578,-0.03047,0.014003,-0.016612,-0.037238,-0.028536
-0.0011435,-0.005333,0.021738,0.015614,0.0082023,-0.014357
-0.0082334,-0.023058,0.022382,0.00046785,-0.0040439,-0.014679
0.0033683,0.040107,0.015937,-0.06882,-0.013067,-0.0079111
0.021738,0.046552,0.017548,-0.078488,0.023671,-0.0066221
0.026572,-0.086222,0.017548,-0.066886,0.03205,-0.017257
0.016259,-0.11748,0.023671,-0.063986,0.035595,-0.024347
0.016259,0.0033683,0.020126,-0.06173,0.081035,-0.025636
0.014325,-0.048195,0.011747,-0.055607,0.075556,-0.021769
0.0091691,-0.028214,-0.0021103,-0.06463,0.012392,-0.031437
0.0046573,0.0049796,-0.0027548,-0.07172,-0.02338,-0.036271
0.0040128,0.0027237,0.0094914,-0.040138,-0.063986,-0.031759
0.011747,0.082969,0.043974,0.020771,-0.072043,-0.028536
0.011747,0.056865,0.037206,0.0011124,-0.050773,-0.038849
0.0043351,-0.12038,0.0027237,0.034951,0.01078,-0.033048
0.010458,-0.12232,0.017548,0.082324,0.15,-0.015001
0.013681,-0.03047,0.018837,0.067177,0.21381,-0.014357
0.0036905,-0.064953,0.011425,0.018837,0.049775,-0.028214
0.013036,-0.058507,0.0091691,-0.029503,0.05622,-0.034015
0.016581,-0.017257,0.01787,-0.071076,0.076201,-0.030792
0.012392,-0.0046884,0.023027,-0.081711,-0.0098447,-0.03047
0.013036,0.0014347,0.023671,-0.072043,-0.03756,-0.025636
0.013359,0.01787,0.021738,0.027538,-0.017901,-0.01339
0.0082023,0.14388,0.020771,0.026249,0.0062687,-0.016612
-0.0033994,0.03914,0.022382,0.024316,0.0046573,-0.027247
-0.0030771,-0.13005,0.030117,0.0062687,0.035595,-0.031759
-0.0098447,-0.16163,0.023671,-0.016612,0.018837,-0.027247
-0.0050107,-0.10427,0.012392,-0.036271,-0.014679,-0.026925
0.011103,-0.021446,-0.00049895,-0.039171,-0.0059775,-0.021124
0.016581,0.016259,0.0082023,-0.032404,0.076523,-0.015646
0.0062687,0.031406,0.0049796,-0.036593,0.01497,-0.011778
0.03624,0.039462,0.015937,-0.049162,-0.021769,-0.0085557
0.05332,0.027538,0.026894,-0.011134,0.087158,-0.01339
-0.0014658,-0.024347,0.018837,-0.015968,0.11874,-0.017901
0.0020792,-0.038849,0.010458,-0.064953,0.012714,-0.022413
0.0040128,-0.0098447,0.011103,-0.034982,0.0046573,-0.028859
0.033339,-0.032081,0.014325,-0.02048,-0.0088779,-0.036593
0.042363,-0.1178,0.003046,0.016581,0.01497,-0.02628
0.018837,-0.10943,-0.00017668,0.0046573,0.037529,-0.027247
0.012392,-0.053996,0.0027237,0.035273,0.05332,-0.02757
0.018837,-0.0082334,0.036884,0.023671,0.052031,-0.024669
0.0082023,-0.013712,0.06041,0.029472,0.034306,-0.02628
0.013359,-0.027892,0.0094914,-0.0033994,-0.0088779,-0.030148
0.01207,-0.048839,0.023993,-0.029503,-0.058507,-0.02628
0.0082023,-0.095246,0.021738,-0.067209,-0.035949,-0.017901
-0.00082122,-0.089767,0.015937,-0.058507,-0.011134,-0.024991
-0.011134,0.085547,-0.0079111,-0.053673,0.0056242,-0.026925
-0.019191,0.10102,-0.00017668,-0.040138,0.076523,-0.029181
-0.016612,0.062343,-0.005333,0.028183,0.099082,-0.029825
0.016581,0.061054,0.0056242,0.065888,0.024638,-0.029825
0.04623,-0.02757,0.00014558,-0.046583,-0.063019,-0.032726
0.02496,-0.0088779,0.017548,-0.06882,-0.039493,-0.02757
0.016259,-0.0037216,0.088447,-0.020802,0.031728,-0.024025
0.0098136,0.021093,0.0082023,0.079101,0.063955,-0.023058
0.024638,-0.067531,-0.039171,0.072656,0.035595,-0.019835
0.031406,-0.12554,-0.011778,-0.0011435,0.052353,-0.019191
0.011425,-0.025958,-0.0098447,0.0098136,0.050419,-0.017901
-0.0059775,0.00788,0.048808,-0.039493,0.01787,-0.029181
-0.00082122,-0.039493,0.10134,-0.034015,0.016581,-0.035949
0.0043351,0.0059464,0.04913,-0.036593,0.012714,-0.035626
0.02915,-0.011456,0.018193,-0.059796,0.015614,-0.031114
0.014648,-0.024347,0.018515,-0.072043,0.02915,-0.033693
0.006591,-0.028214,0.015937,-0.035304,0.021738,-0.039171
0.01078,0.035917,0.0043351,-0.036915,0.013036,-0.036915
0.010136,0.075879,-0.001788,-0.049484,-0.015646,-0.028214
0.021093,-0.0085557,-0.016935,0.01497,-0.03756,-0.027247
0.01078,-0.14778,-0.041105,0.035595,-0.070109,-0.026925
0.017548,-0.098469,-0.018868,-0.058507,-0.048517,-0.019835
0.019159,0.035273,0.043652,-0.089123,-0.018224,-0.018546
0.019482,0.13131,0.10553,-0.011778,0.034951,-0.015646
-0.0088779,0.092959,0.017548,0.0027237,0.10456,-0.02338
-0.0098447,-0.12683,-0.0021103,0.0049796,0.17707,-0.017579
0.013681,-0.23414,0.022382,-0.03756,0.17514,-0.0085557
0.0094914,-0.12554,0.0085246,0.01787,0.043007,-0.021769
0.0020792,0.060088,0.013036,0.084258,-0.033048,-0.023058
-0.0030771,0.01497,-0.005333,0.035917,-0.032081,-0.025636
0.00046785,-0.071398,-0.00049895,-0.035626,-0.0024326,-0.029181
0.016259,-0.13521,0.01078,-0.065919,0.070078,-0.025636
0.013681,-0.069787,0.030761,-0.028536,0.1239,-0.03337
0.011747,-0.0075889,0.057832,-0.049162,0.06331,-0.030792
0.016904,0.024316,0.020449,-0.059796,0.03205,-0.024991
0.00788,0.016904,0.021738,-0.040783,-0.0062998,-0.021124
0.014325,-0.0082334,0.018515,-0.0072666,-0.055285,-0.018868
0.015614,0.057509,0.0098136,-0.013067,-0.0082334,-0.01629
0.0094914,0.026249,0.011747,-0.04755,0.061377,-0.032404
0.016581,-0.048517,0.020126,0.0091691,-0.02757,-0.029503
0.0091691,-0.14842,0.012392,-0.014034,-0.059152,-0.033048
0.0088468,-0.13843,0.00046785,-0.018224,0.010136,-0.040138
0.013036,0.097793,0.011103,-0.022091,0.018515,-0.045939
0.01207,0.094248,0.024316,-0.0095225,0.089092,-0.043038
0.011103,-0.094279,0.016259,-0.0046884,0.054931,-0.024991
0.011747,-0.055285,0.021738,-0.017901,0.044941,-0.021124
0.0017569,-0.016935,0.021738,-0.054962,0.075879,-0.03047
-0.001788,0.0024015,0.019159,-0.037238,0.02496,-0.034982
-0.0014658,-0.071076,0.00788,0.0053019,0.045908,-0.031114
0.0040128,-0.077521,0.00046785,0.045263,0.063633,-0.024347
-0.00049895,0.1948,0.00788,0.052675,0.093926,-0.016935
-0.0062998,0.0027237,0.00046785,-0.0011435,0.064599,-0.022091
0.014648,-0.07172,0.0046573,-0.014357,-0.0011435,-0.024991
0.017548,-0.013067,0.00046785,0.023027,-0.011778,-0.022091
0.021093,0.07749,0.012714,-0.0066221,-0.005333,-0.019513
0.029794,-0.00049895,0.02915,-0.04465,-0.028859,-0.014034
-0.00049895,-0.16808,0.0056242,0.0056242,-0.083967,-0.02048
0.019804,-0.022413,0.0082023,-0.011134,-0.074298,-0.015968
0.018837,-0.021769,0.019804,-0.084933,-0.021769,-0.017579
0.0036905,-0.027892,0.026894,-0.052384,0.037851,-0.016612
-0.028859,-0.020157,0.026249,-0.034015,0.034628,-0.018546
-0.0046884,-0.024025,0.01497,0.018515,0.021093,-0.025636
0.039462,-0.031759,0.023027,0.047519,0.055898,-0.028536
0.06041,0.0014347,0.029472,-0.031759,0.05332,-0.02757
0.032695,0.19931,0.016904,-0.092023,0.0088468,-0.024991
0.0085246,0.11036,-0.0040439,-0.066242,0.018515,-0.038204
0.024638,-0.20578,0.011747,0.033339,0.024316,-0.03337
0.012392,-0.02048,0.031728,0.049453,0.033662,-0.030148
0.0014347,-0.10362,0.025283,0.045263,0.041718,-0.023058
0.00788,-0.14745,0.023671,-0.0021103,0.038818,-0.01629
0.00788,-0.091056,0.020449,-0.036915,0.0036905,-0.016935
0.027538,-0.089445,0.018193,-0.046583,-0.0014658,-0.012423
0.020126,0.033339,0.0082023,-0.054962,0.0062687,-0.014357
0.0091691,0.15097,-0.0030771,-0.040783,0.034306,-0.017901
-0.010812,0.034951,-0.0021103,-0.066242,0.033984,-0.019513
-0.0066221,-0.12747,0.01207,-0.044005,0.013681,-0.025314
-0.0037216,-0.16357,0.023671,-0.03047,-0.0059775,-0.031114
0.015292,-0.0859,0.021415,-0.028536,-0.02757,-0.039493
0.024316,0.017548,0.021093,-0.029503,-0.029503,-0.040138
0.011103,-0.0011435,0.013681,0.024316,-0.022413,-0.037882
0.027538,-0.0098447,0.020771,-0.04755,-0.0075889,-0.038527
0.0091691,0.064277,0.021415,-0.018868,-0.0050107,-0.030792
0.0088468,-0.043361,0.010458,0.017548,-0.073009,-0.02757
0.012392,-0.021446,0.0059464,-0.00082122,-0.092668,-0.02338
0.0017569,-0.039493,-0.0056553,0.062988,0.12422,-0.015323
0.0094914,-0.017257,-0.0075889,0.078779,0.17449,-0.020157
0.011103,0.024638,0.0049796,-0.022413,0.12583,-0.023058
-0.0037216,-0.12425,0.006591,-0.040138,0.15967,-0.029825
0.013359,-0.013712,0.06331,-0.039171,0.095859,-0.026925
0.012392,-0.017901,0.062343,-0.048517,0.046552,-0.029181
0.0027237,-0.14681,0.01497,-0.030148,0.030439,-0.037882
0.02206,0.079424,0.018837,-0.0040439,0.038496,-0.025958
0.0098136,0.18029,0.022704,-0.0011435,0.023027,-0.030792
-0.0066221,-0.18935,0.015292,-0.043038,0.0040128,-0.034337
0.01497,-0.023058,0.013681,-0.043361,-0.0072666,-0.028859
0.029472,0.15838,0.013036,-0.024669,-0.011778,-0.019191
0.013036,0.014325,-0.0069443,-0.048517,-0.048839,-0.026603
0.012714,-0.013067,-0.020157,-0.096857,-0.073009,-0.029181
0.011425,0.019159,-0.0062998,-0.076232,-0.050451,-0.026603
0.01787,0.032372,0.035595,-0.0085557,0.031406,-0.021446
0.02206,-0.0050107,0.089736,-0.035626,0.012714,-0.015001
0.0024015,-0.082677,0.035917,-0.010489,-0.062697,-0.022413
0.0075578,-0.055929,0.010458,0.052675,-0.070109,-0.025958
0.020126,-0.093635,0.020126,0.0024015,-0.10266,-0.029181
0.01497,-0.091379,0.024316,0.020771,0.012714,-0.027892
0.0056242,-0.053996,0.024638,0.04913,0.22896,-0.025636
0.0059464,-0.02338,0.016904,0.0027237,0.15612,-0.020157
0.0072355,-0.0062998,0.016259,-0.067209,0.11165,-0.022735
0.0091691,-0.0033994,0.019804,-0.039816,0.18964,-0.030148
0.00046785,-0.0040439,0.016259,-0.014679,0.043007,-0.03337
-0.0092002,0.066211,0.0056242,-0.011778,0.028505,-0.02338
-0.011778,0.19318,0.0036905,0.025283,0.044619,-0.017257
0.016581,0.026572,-0.0014658,0.013036,0.058476,-0.012745
0.035273,-0.19805,0.0091691,-0.020802,0.058476,-0.011778
0.031083,-0.22802,0.0062687,-0.049484,-0.024025,-0.022413
0.043007,0.022382,0.0014347,-0.038204,-0.042716,-0.023058
0.014648,0.013036,0.0098136,-0.014357,-0.01629,-0.017257
0.01787,-0.13456,0.00788,0.0056242,-0.0082334,-0.024991
0.0043351,-0.090412,0.012714,0.044941,0.054287,-0.042716
0.0075578,0.0056242,0.0062687,0.0072355,0.091992,-0.034982
0.0020792,0.011747,-0.00017668,-0.049806,-0.0033994,-0.025636
-0.0072666,-0.042716,0.0043351,-0.068498,-0.046906,-0.040138
-0.0069443,-0.05174,0.013681,-0.032081,-0.045617,-0.043683
0.013036,-0.015323,0.019482,0.0011124,0.012714,-0.020802
0.023993,-0.012745,0.020449,0.01787,0.041074,-0.0098447
0.010458,-0.044005,0.021738,0.0085246,0.031728,-0.0085557
-0.0043662,-0.036915,0.022382,0.0040128,0.0049796,-0.024991
-0.010489,-0.027892,0.018837,-0.047228,0.031728,-0.022413
0.012392,-0.02048,0.013681,-0.042716,0.095215,-0.012101
0.018515,-0.013067,0.011747,-0.017579,0.020449,-0.02757
0.016904,0.0053019,0.015937,-0.04755,-0.017257,-0.040138
0.0088468,0.078457,0.019482,-0.083,0.026894,-0.035949
0.013681,0.054931,0.019804,-0.042716,0.051386,-0.033693
0.018837,-0.11555,0.019159,0.031728,0.0011124,-0.035626
0.016259,-0.076232,0.020126,0.043974,0.033662,-0.035626
0.0082023,0.07749,0.022704,0.0011124,-0.0037216,-0.027892
0.0082023,0.013681,0.023349,0.015614,-0.051095,-0.034337
0.021093,-0.10169,0.019159,0.014003,-0.03337,-0.028536
0.021738,-0.058185,0.018193,0.0094914,0.039462,-0.018224
-0.0024326,-0.10588,0.024638,-0.046906,0.082324,-0.021769
0.019804,0.054609,0.03624,-0.063019,0.032695,-0.024669
0.013036,0.13034,0.016581,-0.052062,-0.016612,-0.023702
-0.0040439,0.13518,-0.022413,-0.055285,-0.055929,-0.02338
0.0062687,0.16128,-0.0021103,0.00014558,-0.050451,-0.034659
0.01078,-0.10362,-0.0030771,-0.038204,-0.03047,-0.035626
-0.014034,-0.20804,-0.024025,-0.074621,-0.018546,-0.04046
-0.0092002,-0.16905,-0.0040439,-0.020802,0.026249,-0.038527
0.0046573,-0.14326,-0.001788,0.055576,0.14452,-0.031759
0.012714,-0.069142,0.059121,0.055898,0.10392,-0.02338
0.024638,-0.02628,0.10617,-0.015323,0.05332,-0.017257
0.028505,0.0059464,0.0020792,0.023671,0.058154,-0.014679
0.024316,0.0098136,0.013036,0.071045,0.08039,-0.014679
0.014648,0.072334,0.03914,0.0091691,0.066855,-0.014357
0.017548,0.10359,0.059121,-0.024991,0.011103,-0.0095225
0.02206,-0.0033994,0.019159,-0.029181,-0.016612,-0.010167
0.0062687,-0.049484,-0.0098447,-0.034337,-0.052706,-0.021769
0.01497,0.13099,0.00014558,-0.048517,-0.099113,-0.03047
0.0033683,0.094248,-0.0037216,-0.044005,-0.12264,-0.033693
0.0011124,-0.16389,-0.001788,-0.022091,0.058476,-0.031759
0.0011124,-0.21674,0.033017,-0.031759,0.27021,-0.029181
0.00079012,-0.1452,0.056543,-0.039171,0.090059,-0.034982
0.0036905,0.048164,0.020126,-0.045617,0.04913,-0.034337
0.0033683,0.19222,0.020449,-0.05883,0.046552,-0.02338
-0.0030771,-0.031114,0.015937,0.0056242,0.014648,-0.015323
0.016904,-0.21384,0.014003,0.030439,0.0098136,-0.011134
0.033984,-0.1684,0.011747,-0.076554,-0.019513,-0.017579
0.013359,-0.055929,0.006591,-0.063019,-0.029181,-0.025958
0.01787,-0.017579,0.020449,0.053642,0.021093,-0.0095225
0.030117,0.0033683,0.023349,-0.0059775,0.020126,-0.0082334
0.0053019,-0.020802,-0.00049895,-0.093312,0.0043351,-0.026925
0.015292,0.054609,-0.0043662,-0.020802,-0.02048,-0.04046
0.019482,0.058798,0.0088468,0.029472,-0.0072666,-0.036593
0.0088468,-0.061085,0.0059464,-0.0037216,-0.039816,-0.029503
0.015292,-0.12651,0.0043351,0.0098136,-0.085578,-0.022735
0.018837,-0.1004,0.015614,-0.013712,-0.031114,-0.025958
0.017226,-0.037882,0.018193,-0.036271,0.088447,-0.031759
0.021093,0.067822,0.022704,-0.027247,0.11713,-0.022413
0.015937,0.016581,0.014003,-0.025314,0.069756,-0.028214
0.0024015,-0.0011435,0.012714,-0.024347,0.081035,-0.031437
-0.00082122,0.0017569,0.0091691,-0.032081,0.11197,-0.021124
-0.0040439,-0.0059775,0.010136,-0.026925,0.044941,-0.02757
-0.00049895,-0.0014658,0.013036,-0.028214,0.025927,-0.029181
-0.0030771,-0.01339,0.011747,-0.054318,0.048486,-0.034015
-0.011456,-0.021124,0.0088468,-0.084289,0.020449,-0.034982
-0.0088779,-0.011778,0.0075578,-0.088478,0.034951,-0.03047
-0.0033994,-0.00017668,0.016904,-0.02338,0.034951,-0.027247
0.0088468,-0.0069443,0.025283,0.11133,0.033984,-0.02338
0.019804,-0.014357,0.028505,0.11842,0.023993,-0.031437
0.038496,0.017548,0.021415,0.10617,0.011103,-0.035626
0.018193,0.0036905,0.0098136,0.090381,0.00046785,-0.031114
0.033017,-0.1033,0.0040128,-0.035626,-0.077199,-0.033048
0.037206,-0.03047,0.012392,-0.089123,-0.092023,-0.028214
-0.0021103,-0.049806,0.01497,-0.087834,-0.019513,-0.025314
0.0014347,-0.041749,0.012714,-0.010489,0.079424,-0.024025
0.02206,-0.056574,0.006591,0.048164,0.062666,-0.019513
0.031728,-0.026925,-0.021769,-0.011778,0.072656,-0.014034
0.031083,0.099404,-0.024025,-0.038849,0.096826,-0.019513
0.0040128,-0.050773,-0.0043662,-0.026603,0.0049796,-0.027892
0.016259,-0.0088779,0.055576,-0.063664,-0.071076,-0.019835
0.019482,-0.0043662,0.10198,-0.066886,-0.034015,-0.014357
0.0072355,-0.00049895,0.049775,-0.038849,0.030761,-0.017257
0.0043351,0.014325,0.021415,-0.0088779,0.044941,-0.021446
0.0082023,0.074912,0.02915,-0.032404,0.032372,-0.016612
0.0020792,0.024638,0.023993,-0.039493,0.023671,-0.02048
-0.001788,-0.072043,0.023349,-0.0059775,0.071689,-0.029825
0.0072355,-0.084289,0.018837,0.010458,0.089414,-0.024669
0.014003,-0.063019,0.01787,-0.016612,0.045263,-0.016612
0.0033683,-0.043361,0.014648,-0.039171,-0.022091,-0.021124
0.02206,0.010458,-0.0030771,-0.039171,-0.097502,-0.025636
0.014325,0.082646,0.0043351,-0.045617,-0.11297,-0.033048
0.0043351,0.088125,0.010458,-0.051417,0.0069132,-0.031437
0.01787,-0.13263,0.030117,0.034306,0.22541,-0.025958
0.0059464,-0.12135,0.020449,0.05332,0.13711,-0.035626
-0.022091,-0.16389,0.00079012,-0.0098447,0.063633,-0.041105
0.0017569,-0.05883,0.012392,-0.041105,0.12647,-0.022091
0.006591,0.015614,0.0088468,-0.075265,0.031406,-0.026603
0.00788,-0.0027548,0.011103,-0.041749,-0.013067,-0.028859
0.018837,0.10939,0.010136,0.014003,-0.0046884,-0.020802
0.0053019,0.1645,0.0091691,0.071689,-0.016612,-0.028214
0.006591,-0.0030771,0.013359,0.00014558,-0.022413,-0.036915
0.018193,-0.17227,0.023027,-0.040783,-0.0095225,-0.029503
0.0043351,-0.23479,0.023027,0.014003,-0.013067,-0.031114
0.013036,-0.1481,0.018515,-0.056896,-0.035626,-0.036593
0.0043351,-0.059796,0.012392,-0.031437,-0.027892,-0.043361
-0.00017668,-0.029181,-0.005333,0.02496,-0.032726,-0.037882
0.0085246,-0.015646,-0.024025,0.015292,-0.029181,-0.030792
0.011747,-0.019191,-0.014357,-0.0043662,0.0091691,-0.024025
0.010136,0.01497,0.00014558,0.018837,0.028183,-0.022735
0.019482,0.15226,0.038173,-0.073654,0.025927,-0.021446
0.015614,0.11648,0.030117,-0.063986,0.041718,-0.018546
0.00079012,0.061054,0.011103,-0.00017668,0.024638,-0.017257
0.012714,-0.044972,0.038818,0.022382,0.025927,-0.011456
0.034951,-0.13811,0.032695,0.01787,0.12615,-0.012101
0.01207,-0.19869,0.036562,0.041718,0.13066,-0.021446
0.015614,-0.12683,0.038818,0.027538,0.075879,-0.017901
0.031406,-0.0092002,0.036562,-0.032081,0.059443,-0.013067
0.012714,-0.018546,0.012392,-0.041105,0.019159,-0.010167
0.0069132,-0.020157,0.015292,-0.043038,0.00014558,-0.021124
0.013681,-0.0024326,0.022704,-0.043683,-0.0088779,-0.024347
0.0075578,0.012392,0.0069132,-0.064953,-0.0072666,-0.022735
0.0062687,0.00788,-0.019191,-0.071398,-0.024025,-0.031114
0.0024015,-0.024025,-0.0098447,-0.045939,-0.032081,-0.030792
0.0040128,0.022704,-0.0069443,-0.04465,-0.0098447,-0.023702
0.013359,0.029472,-0.0075889,-0.044327,0.021738,-0.019513
0.014648,-0.024991,0.049453,-0.024991,0.046552,-0.024669
0.006591,-0.043361,0.052998,0.056865,0.05622,-0.025958
-0.00049895,-0.013712,0.018515,-0.021769,0.0094914,-0.025636
0.014325,0.040107,0.018837,-0.081711,-0.017579,-0.02628
0.034951,0.1023,0.014648,-0.037882,0.006591,-0.02338
-0.00017668,-0.053029,-0.0027548,-0.0079111,0.031083,-0.027247
-0.005333,-0.2683,-0.015968,0.041718,0.019804,-0.037238
0.022382,-0.24091,0.0072355,0.075556,-0.042716,-0.033048
0.034306,0.21026,0.027861,0.034628,-0.041105,-0.030148
-0.0095225,0.077168,0.063633,-0.038204,0.069756,-0.042394
-0.014357,-0.029503,0.063633,-0.03047,0.17127,-0.050451
-0.018546,0.10102,0.011425,-0.016935,0.054931,-0.042394
-0.028859,0.00014558,-0.010167,-0.011134,0.04623,-0.035304
0.032372,-0.078488,0.0088468,-0.013712,0.066211,-0.024991
0.055254,-0.034015,0.0072355,-0.033048,0.0040128,-0.024669
0.044941,-0.034337,0.0020792,-0.033693,-0.014357,-0.029825
0.034306,-0.016612,-0.005333,-0.045294,-0.0030771,-0.029181
0.025605,-0.031114,-0.0069443,-0.033048,-0.00082122,-0.031437
0.022704,-0.02757,-0.0092002,0.03624,0.018193,-0.021446
0.013359,-0.015968,-0.0088779,0.050419,0.037851,-0.010812
0.014648,0.018193,0.012714,0.0014347,0.054609,-0.0085557
0.01207,0.03205,0.092637,-0.034659,0.041718,-0.0082334
0.016259,0.032695,0.043652,-0.035949,0.034951,-0.010489
0.015937,0.025927,-0.017901,-0.051417,0.0069132,-0.016612
0.0088468,-0.073976,0.033984,-0.050451,-0.04465,-0.01629
0.013359,-0.067209,0.01497,-0.031437,-0.034659,-0.017257
0.01207,-0.056251,0.011425,-0.0092002,-0.0066221,-0.024347
0.0040128,-0.11426,-0.00017668,-0.011778,-0.0024326,-0.028536
0.01207,-0.057863,0.01078,-0.020157,0.04913,-0.026603
0.019804,-0.068498,0.051709,-0.048195,0.15,-0.022735
0.0040128,0.045263,0.035595,-0.099758,0.028183,-0.032726
-0.0092002,0.13292,0.0027237,-0.10395,-0.046583,-0.04465
0.00014558,-0.038204,0.0040128,-0.058185,-0.036593,-0.043361
0.01078,-0.060119,-0.010812,0.02915,-0.043361,-0.037882
-0.0066221,-0.10137,-0.029503,0.076201,-0.014034,-0.03047
-0.0066221,0.0069132,-0.015001,0.10521,0.09167,-0.022091
-0.0062998,-0.0085557,0.022382,0.11745,0.2006,-0.017579
0.0053019,-0.068498,0.092314,0.058798,0.19512,-0.019835
0.020449,-0.059152,0.059765,-0.038204,0.076523,-0.015646
0.019159,-0.02048,0.0011124,-0.050773,0.049453,-0.02628
0.0085246,-0.042716,0.0049796,-0.096857,0.018837,-0.027247
0.00788,-0.071076,0.019159,-0.11684,-0.033693,-0.042716
0.020126,-0.028214,0.054287,-0.012745,-0.088156,-0.044005
0.0033683,-0.022413,0.030439,0.0024015,-0.10201,-0.021769
0.0011124,0.062988,0.0059464,-0.059474,-0.035304,-0.017901
0.0011124,0.08168,0.014648,-0.06882,-0.027892,-0.022735
0.011747,-0.059152,0.019804,-0.056251,-0.074621,-0.021769
0.01497,-0.07591,0.017226,-0.072687,-0.056251,-0.026603
0.014003,-0.01339,0.0024015,-0.031759,0.076846,-0.034337
0.014003,-0.010167,0.023349,0.052353,0.10069,-0.03756
0.010458,-0.10781,0.020771,0.037206,0.026572,-0.037238
0.013036,-0.042394,0.016904,-0.035949,0.053642,-0.029181
0.015937,-0.0014658,0.0098136,-0.0050107,0.085547,-0.024347
0.010458,0.053642,0.006591,0.047519,0.07749,-0.029825
0.0033683,0.14162,0.0033683,0.049453,0.049775,-0.029825
0.016904,-0.063986,0.0036905,0.050419,0.027216,-0.016612
0.017548,-0.25509,0.0085246,-0.032726,0.0085246,-0.022735
0.011103,-0.033048,0.00788,-0.063019,0.020771,-0.029181
0.01207,0.042363,0.003046,-0.052062,0.0075578,-0.014034
0.014648,-0.045294,0.0043351,0.015937,-0.054318,-0.022413
0.0027237,-0.0069443,0.011747,-0.042716,-0.066564,-0.029181
0.024638,-0.030148,0.010136,-0.099435,-0.060763,-0.0098447
0.021738,0.0056242,0.016581,-0.02628,-0.13714,-0.011778
0.01787,0.0053019,0.019159,0.022704,-0.051095,-0.014679
0.019482,0.0027237,0.018837,0.041074,0.26892,-0.021124
0.006591,0.017226,0.020126,0.039785,0.23121,-0.016612
-0.0059775,-0.048195,0.01787,0.082646,0.080713,-0.022091
-0.0030771,-0.001788,0.016581,0.040429,0.121,-0.027247
0.014648,0.022704,0.015614,-0.079455,0.088125,-0.035626
0.006591,-0.017901,0.014648,-0.094924,0.026894,-0.046261
-0.0046884,0.038173,0.011103,-0.079133,-0.015968,-0.04465
-0.0037216,0.046875,0.0091691,-0.029825,-0.044005,-0.038204
0.010136,-0.097824,0.018837,-0.040783,-0.074943,-0.030792
0.013681,-0.098791,0.028183,-0.0056553,-0.071398,-0.0098447
0.021738,-0.074621,0.014325,0.058798,0.0072355,-0.00017668
0.019804,-0.051095,0.00079012,0.026249,0.11036,-0.012423
0.0098136,-0.031437,-0.0011435,-0.029503,0.043007,-0.023702
0.016581,0.10843,-0.005333,-0.03337,0.00788,-0.02757
0.00788,0.061699,0.010136,-0.055929,0.023993,-0.036915
0.016904,-0.062052,0.068467,0.00014558,0.010458,-0.035304
0.013359,-0.053673,0.043652,0.069433,0.028183,-0.029503
0.0062687,-0.050128,-0.0056553,-0.026925,-0.031114,-0.031759
-0.0056553,-0.050128,0.013359,0.0036905,-0.034337,-0.036593
-0.0030771,-0.10524,0.019804,0.025927,0.019159,-0.034337
0.0082023,-0.093312,0.024316,0.0049796,0.078779,-0.030792
0.027538,-0.02757,0.026894,-0.031114,0.068144,-0.022413
0.026894,-0.034015,0.02915,-0.06882,0.076523,-0.011778
0.023671,-0.033693,0.012714,-0.13553,0.076846,-0.0075889
0.021738,0.031083,0.006591,-0.072043,-0.014357,-0.02048
0.021093,-0.087511,0.017226,-0.041749,-0.045617,-0.025314
0.026894,-0.14488,0.040751,-0.048517,-0.043038,-0.020802
0.026894,0.14613,0.046552,-0.015001,-0.014679,-0.025636
0.0043351,0.04333,0.0027237,0.013681,0.033662,-0.022735
0.0069132,-0.046583,-0.025314,0.0017569,0.02915,-0.020802
0.0036905,0.003046,0.024316,-0.0095225,0.036884,-0.02628
-0.00049895,-0.018546,0.0085246,-0.02757,0.037851,-0.028214
0.010136,-0.024347,0.00788,-0.067531,-0.010812,-0.029503
0.020771,-0.0082334,0.01787,-0.021769,-0.0030771,-0.022413
-0.0092002,-0.0092002,-0.0079111,0.031728,0.013681,-0.025958
-0.016612,0.0091691,-0.012745,-0.022091,0.015614,-0.024025
0.0085246,-0.010489,-0.010489,-0.044327,0.0072355,-0.014034
0.016904,-0.010489,0.013036,-0.022091,0.070078,-0.012101
0.00788,0.16192,0.062988,-0.025636,0.13872,-0.02048
0.0036905,0.08168,0.024316,-0.048195,0.066533,-0.026603
0.027216,-0.13456,0.010458,-0.057863,-0.0088779,-0.029181
0.018193,-0.19322,0.023671,-0.031437,-0.0050107,-0.024991
0.022382,-0.12167,0.015614,0.018515,0.00788,-0.031437
0.022382,-0.029181,0.020771,0.052031,0.019159,-0.031114
-0.0043662,-0.035626,0.016581,-0.048839,-0.019191,-0.027247
-0.011134,-0.024347,0.014003,-0.019513,-0.013712,-0.025636
-0.0027548,0.047519,-0.0030771,0.065566,0.035273,-0.033693
0.028505,0.18642,-0.011456,0.034628,0.037529,-0.03756
0.038496,0.10585,0.0040128,0.0011124,0.0040128,-0.039493
0.0056242,-0.11394,0.036884,-0.028859,0.0033683,-0.04046
0.0053019,-0.15873,0.070078,-0.011456,0.00014558,-0.032726
-0.011456,-0.20804,0.024316,0.018193,0.014003,-0.025314
0.012714,-0.080744,0.011425,0.0017569,0.035273,-0.021769
0.022704,-0.031759,0.016259,0.059121,0.088125,-0.025636
0.019804,-0.033693,0.020126,-0.010167,0.068144,-0.022735
0.015614,-0.0059775,0.023993,-0.063986,0.014325,-0.024991
0.014325,0.0014347,0.0056242,-0.061085,-0.0040439,-0.028214
0.016581,-0.0024326,0.010458,-0.083967,-0.00082122,-0.029181
0.010458,0.016581,-0.015001,-0.03047,0.022704,-0.026603
0.013036,0.05622,-0.023702,0.011425,0.069756,-0.021446
0.0088468,0.082646,-0.0046884,-0.0046884,0.057509,-0.029503
0.0088468,-0.015001,0.050742,0.015937,0.049453,-0.029825
-0.0072666,-0.1149,0.10069,-0.0098447,0.052031,-0.027892
-0.01339,-0.11039,0.038818,-0.041105,0.035595,-0.027892
-0.0021103,-0.063986,0.014325,-0.086545,-0.019513,-0.017257
0.0053019,-0.013712,0.02206,-0.037882,-0.060119,-0.018868
0.023671,-0.018546,0.015937,0.019482,-0.10008,-0.018546
0.033662,-0.0069443,0.010136,0.014003,-0.063664,-0.016612
0.038496,-0.0059775,0.014325,0.082646,0.10972,-0.010167
0.019159,-0.017257,0.015614,0.11584,0.11036,-0.0040439
0.016904,-0.0066221,0.01078,-0.014679,0.0043351,-0.011456
0.014003,0.024316,0.014325,-0.05883,0.014325,-0.012423
0.010136,0.10359,0.017226,-0.059796,0.0011124,-0.024025
0.006591,0.036562,0.011103,-0.052384,0.018515,-0.030148
0.006591,-0.10008,0.0072355,-0.028859,0.067822,-0.018224
0.019159,-0.044972,0.013681,-0.042072,0.095537,-0.018868
0.00046785,-0.10395,0.011103,-0.037882,-0.0092002,-0.037238
0.0024015,-0.10427,0.006591,-0.030148,0.019159,-0.041427
0.003046,-0.025314,-0.0075889,-0.0072666,0.13034,-0.043038
-0.010167,-0.032081,0.0094914,-0.02628,0.040429,-0.054318
-0.0088779,0.0036905,0.0020792,-0.058507,0.0049796,-0.050773
-0.0056553,0.022382,0.0069132,-0.05464,-0.013712,-0.041427
-0.0075889,-0.022091,0.0098136,-0.025636,-0.029181,-0.043683
-0.00017668,-0.034659,0.017548,0.0069132,0.0046573,-0.04046
0.021415,-0.012423,0.020126,-0.022091,0.054287,-0.024991
0.028183,-0.0059775,0.023671,-0.062375,0.06331,-0.019513
0.018515,-0.013067,0.018515,-0.038204,0.06331,-0.012745
0.013681,-0.024025,0.0082023,-0.062697,0.032695,-0.014357
0.018193,-0.015001,0.014648,-0.058185,0.006591,-0.019191
0.016259,-0.012101,0.019482,-0.014357,-0.0088779,-0.024991
0.011103,-0.00049895,0.020449,0.011747,-0.0066221,-0.026603
0.011103,0.049453,0.020126,0.020771,0.011747,-0.032404
0.015614,0.032695,0.011747,0.045585,0.0017569,-0.032404
0.013359,-0.047872,0.006591,0.018837,0.0098136,-0.031437
0.0069132,-0.092346,0.0075578,-0.044972,-0.00082122,-0.032726
0.0049796,-0.12844,0.013681,-0.064308,-0.026603,-0.032404
-0.0037216,-0.078488,0.017226,-0.069464,-0.0043662,-0.023702
0.0017569,0.019159,0.024638,-0.074943,-0.0030771,-0.022735
-0.0011435,-0.019191,0.020771,-0.071076,-0.011134,-0.029825
-0.012101,-0.038204,0.0020792,-0.0056553,-0.0088779,-0.025314
0.015292,0.066533,0.003046,0.055898,0.015937,-0.01629
0.036562,0.03205,-0.0098447,0.058798,0.037851,-0.024991
0.048808,0.02915,0.0088468,0.041718,0.12873,-0.014679
0.0024015,0.037529,0.052998,-0.024991,0.13163,-0.012101
0.0046573,-0.17001,0.026249,0.055576,0.049453,-0.020157
0.033017,-0.13585,0.028505,0.067822,0.070722,-0.010167
0.037206,0.00046785,0.035595,0.019482,0.066211,-0.0030771
0.011747,-0.030792,0.029472,-0.017579,0.027216,-0.015001
0.013681,0.093926,0.01787,-0.02757,0.018837,-0.022413
0.030761,0.33531,0.010458,0.0062687,0.033984,-0.016935
0.00788,0.030761,0.020449,-0.021446,0.019482,-0.018546
0.010458,0.041074,0.012392,-0.02338,-0.016612,-0.023702
0.012392,-0.14294,0.003046,0.015614,-0.03047,-0.022735
0.013036,-0.39689,-0.0072666,-0.013067,-0.036271,-0.021769
0.013681,-0.20127,0.0085246,-0.064308,-0.03047,-0.034337
-0.0069443,-0.12844,0.020449,-0.03756,0.016259,-0.037238
0.0072355,-0.035949,0.056865,-0.012745,0.062666,-0.031114
0.00079012,-0.001788,0.026249,-0.022735,0.037206,-0.02628
-0.0014658,0.0020792,0.016259,-0.034982,0.028183,-0.033048
0.0056242,0.017548,0.012714,-0.035304,0.014325,-0.028536
0.011425,0.029472,0.0075578,-0.065919,0.0072355,-0.03047
0.0017569,0.0062687,0.011747,-0.02338,-0.0072666,-0.037238
0.017548,-0.033048,0.013681,0.0069132,-0.018546,-0.036593
0.0056242,0.052353,0.0088468,-0.00082122,-0.00049895,-0.029181
0.014325,0.15355,0.0043351,0.078779,-0.0062998,-0.032726
0.030761,-0.029181,0.020771,0.072978,0.00046785,-0.024025
0.0059464,-0.16163,0.025605,0.0027237,0.037206,-0.017901
0.014325,-0.10459,0.018837,-0.02628,0.10875,-0.010167
0.022382,-0.010489,0.011747,-0.072043,0.082969,-0.0088779
0.0056242,0.08748,0.018193,-0.13231,0.023993,-0.024025
0.012392,0.071689,0.024638,-0.099113,0.016904,-0.030148
0.0085246,-0.16518,0.016581,-0.047228,0.013036,-0.030792
-0.0040439,-0.1452,0.010458,-0.11233,-0.016612,-0.029181
0.016259,-0.011456,0.017548,-0.091056,-0.015323,-0.028859
0.01078,-0.017579,0.0043351,0.034628,0.027861,-0.024991
0.0033683,-0.0085557,-0.00017668,0.062021,0.045585,-0.021124
0.0072355,-0.0014658,0.010136,-0.041427,0.023027,-0.026603
0.00788,0.013036,0.01497,-0.059474,0.01207,-0.035304
0.0062687,0.024316,0.01078,-0.014679,0.012714,-0.046583
0.011425,0.017226,0.010136,-0.014034,0.022704,-0.042394
0.0014347,-0.019513,0.020449,0.03205,0.034951,-0.039816
-0.00049895,-0.065597,0.030117,0.078457,0.03205,-0.039171
-0.0043662,-0.097502,0.025283,0.043007,0.023349,-0.033693
0.0082023,-0.09299,0.015614,0.031083,0.025927,-0.022735
0.029472,0.12067,0.02915,0.025605,0.040107,-0.018546
0.014325,0.16321,0.030117,0.027538,0.044296,-0.028536
0.0094914,-0.077199,0.011747,-0.0024326,0.026249,-0.031437
0.027538,-0.19869,-0.0033994,-0.059474,0.018837,-0.025636
0.021738,-0.086867,-0.022413,-0.086222,0.030761,-0.021769
0.025283,0.38332,-0.011778,-0.079133,0.03624,-0.015968
0.006591,0.10553,-0.0082334,-0.098146,-0.0066221,-0.02048
0.0036905,-0.16324,0.0043351,-0.080422,-0.044327,-0.023702
0.016904,-0.1307,0.0675,-0.022413,-0.065275,-0.020157
0.016259,-0.07591,0.051709,0.03624,-0.069142,-0.02628
0.013681,-0.016935,0.011425,-0.031114,-0.058185,-0.024347
0.0056242,0.011747,0.026572,0.0098136,0.019159,-0.017901
0.0017569,0.1703,0.055576,0.029794,0.1123,-0.015001
-0.0082334,0.092959,0.018515,0.011425,0.16805,-0.014357
0.0062687,-0.19644,0.018193,-0.067531,-0.010812,-0.023058
0.021415,-0.21416,0.023027,-0.087834,-0.022735,-0.021769
0.011425,-0.11458,0.011747,-0.046261,0.041074,-0.014357
-0.0024326,-0.018868,0.010136,-0.024025,0.048486,-0.024991
0.00079012,0.037529,0.0040128,0.022704,0.09167,-0.029181
-0.00017668,0.074912,0.010458,0.086514,0.094893,-0.029825
0.006591,-0.037238,0.014325,0.076523,0.049453,-0.029503
0.028183,-0.12489,0.020771,0.011747,0.058798,-0.028536
0.028183,-0.084933,0.016904,0.0043351,0.12003,-0.034982
0.003046,-0.045939,0.012392,-0.011134,0.075556,-0.040138
0.00788,-0.037882,0.0088468,-0.083644,-0.0092002,-0.049484
0.0072355,-0.028536,0.017226,-0.046261,-0.036271,-0.039493
0.014325,0.00014558,0.018837,0.033984,0.013359,-0.021124
0.020126,-0.035949,0.014648,-0.034015,0.0056242,-0.017257
0.024316,-0.037238,0.0069132,-0.0095225,0.0094914,-0.02628
0.018837,-0.010167,0.006591,0.032695,0.02915,-0.033048
0.0014347,-0.0062998,0.0053019,0.01078,0.050742,-0.024669
0.0024015,-0.0043662,0.0094914,-0.015968,0.03914,-0.023702
0.012392,-0.011134,0.018193,-0.030148,0.00788,-0.013067
0.0049796,-0.014679,0.013036,-0.069142,0.050097,-0.019835
0.0017569,0.04623,0.01207,-0.035304,0.028183,-0.032404
0.01207,0.06331,0.016581,0.031406,0.05332,-0.022735
0.017226,-0.015646,0.0098136,0.0059464,0.046552,-0.014679
0.01078,-0.091056,0.0046573,-0.0092002,-0.020157,-0.015646
0.015614,-0.089123,0.00788,-0.0024326,-0.077521,-0.021446
0.0053019,-0.044005,0.014648,-0.060119,-0.079133,-0.026925
0.0049796,-0.0075889,0.037851,-0.12167,-0.019191,-0.025314
0.0072355,0.15516,-0.00049895,-0.11329,0.03205,-0.018546
0.019804,0.27826,-0.011134,-0.025314,0.010136,-0.024025
0.027538,-0.094924,0.035595,0.019159,0.020449,-0.024669
-0.0030771,-0.34984,0.043652,0.02496,0.014648,-0.021124
0.0072355,-0.16905,0.045263,0.04333,0.021093,-0.014679
0.015937,-0.080099,0.025605,-0.017579,0.00079012,-0.013712
0.024638,-0.024669,0.011103,-0.040783,0.0020792,-0.017901
0.020771,-0.0014658,0.025605,-0.01629,0.013681,-0.031114
-0.0033994,-0.033693,0.019482,0.011103,0.023349,-0.031437
0.023027,-0.0075889,0.034306,0.035595,0.048486,-0.029503
0.019159,0.034951,0.033662,-0.048195,0.036884,-0.023702
0.003046,0.069433,0.015614,-0.10362,-0.00049895,-0.020157
0.0085246,0.030439,-0.0046884,-0.059152,-0.025636,-0.023058
0.0033683,-0.046261,-0.0075889,-0.029825,-0.029181,-0.022091
-0.010489,-0.17098,-0.0030771,-0.01339,-0.015323,-0.02757
-0.0088779,-0.053029,-0.0046884,-0.0043662,-0.010167,-0.027247
0.025927,0.075234,0.020126,-0.015646,-0.021124,-0.019513
0.048486,-0.024025,0.006591,-0.01629,0.003046,-0.027247
0.020126,-0.096213,-0.025636,-0.031114,0.07459,-0.033048
0.02915,0.05622,-0.017901,-0.041749,-0.058507,-0.043038
0.01787,0.059121,-0.02048,-0.038204,-0.063664,-0.039816
0.0036905,-0.040138,0.060088,-0.071398,0.20221,-0.038204
0.021093,-0.0011435,0.09457,-0.039816,0.26731,-0.031114
0.011425,-0.038204,-0.0062998,0.016259,0.045908,-0.022413
0.01207,0.00079012,0.033017,0.054931,0.078457,-0.018224
0.010136,-0.014357,0.029472,0.076523,0.085225,-0.019191
0.006591,0.033662,0.029794,0.13872,0.073301,-0.017257
0.0094914,0.0036905,0.023349,0.071689,0.076523,-0.022735
0.003046,-0.20192,0.018515,-0.044005,0.035595,-0.026603
0.012714,-0.063341,0.019804,-0.04755,-0.028214,-0.027247
0.0053019,0.13937,0.021093,-0.019835,-0.014679,-0.022091
-0.011778,-0.01339,0.0075578,-0.017257,0.020126,-0.027892
0.0053019,0.13647,0.0088468,-0.0037216,0.044619,-0.017901
0.014003,0.21832,0.0088468,-0.030792,0.040429,-0.025958
0.01497,-0.076554,0.014325,-0.088801,0.069756,-0.025636
0.0056242,-0.17839,0.020449,-0.10653,0.03914,-0.030792
-0.0062998,-0.11523,0.01207,-0.11587,-0.023702,-0.031114
0.0043351,-0.10395,0.013359,-0.12489,-0.049806,-0.036271
0.023993,-0.092023,0.012714,-0.060441,-0.10749,-0.03047
0.017548,-0.073654,0.0062687,0.068467,-0.079777,-0.022413
0.013681,-0.044972,-0.0037216,0.055576,-0.001788,-0.026603
0.014648,-0.015001,0.003046,0.033662,0.03914,-0.027892
0.0053019,-0.018224,0.013036,0.043652,0.062343,-0.028536
-0.010812,-0.031437,0.017226,-0.011778,0.052998,-0.03047
-0.0046884,-0.033048,0.025927,0.039785,0.013036,-0.024347
0.0020792,-0.021446,0.018193,0.12229,0.019159,-0.033048
0.013681,-0.0030771,0.017226,0.08039,0.040107,-0.030792
0.028183,0.031083,0.016904,-0.015646,0.030439,-0.019835
0.023671,0.0014347,0.013359,-0.0046884,0.01787,-0.010167
0.025927,-0.014679,0.0072355,-0.051417,0.014325,-0.015001
0.015614,-0.0011435,0.0046573,-0.12135,0.0075578,-0.02048
0.022382,0.0033683,0.0033683,-0.1033,0.0056242,-0.024025
0.014648,-0.022091,0.013359,-0.024991,-0.012101,-0.029181
0.014003,-0.055929,0.021738,0.013681,-0.0037216,-0.032726
-0.0027548,-0.049162,0.026249,-0.022735,-0.0046884,-0.039171
0.010458,-0.05174,0.030761,-0.12006,-0.0075889,-0.03047
0.02496,-0.025636,0.030117,-0.13263,-0.017901,-0.029503
0.019159,-0.011778,0.02915,-0.112,-0.034015,-0.023058
0.00788,-0.034015,0.018193,-0.034659,0.013036,-0.015323
0.0053019,-0.02757,0.012392,-0.011456,0.096504,-0.015001
0.0094914,-0.017579,0.012714,0.014648,0.038818,-0.022735
-0.00082122,-0.015001,0.014003,0.092637,0.0020792,-0.032081
-0.0024326,0.020449,0.010136,0.093603,0.049453,-0.036271
0.0043351,0.038173,0.0088468,0.027861,0.068467,-0.034337
0.0069132,0.018837,0.016259,-0.00017668,0.023671,-0.032081
0.011747,-0.025314,0.025605,-0.0092002,0.083291,-0.028214
0.0043351,-0.065597,0.021738,-0.044972,0.062666,-0.041749
0.0049796,0.046875,0.016904,-0.094279,0.015937,-0.052384
-0.00017668,0.071367,0.01207,-0.10008,0.01787,-0.032726
0.0049796,-0.028536,0.00788,-0.11555,-0.0075889,-0.031114
0.015292,-0.17614,0.011747,-0.085578,0.01497,-0.029503
0.01497,-0.13166,0.014648,-0.0030771,0.032372,-0.023058
0.0053019,-0.10943,0.015292,0.08458,0.061054,-0.018546
0.013359,-0.079777,-0.013067,0.13614,0.083613,-0.015968
0.021415,0.016259,-0.048839,0.08458,0.079101,-0.013712
0.01787,-0.015646,-0.034659,0.006591,0.03914,-0.015001
0.0072355,-0.028859,0.01078,0.017548,-0.037882,-0.02338
0.018837,0.079101,0.10907,-0.010812,-0.028859,-0.016612
0.019159,0.10521,0.06041,-0.041427,-0.041427,-0.023058
0.017548,-0.034982,0.0091691,-0.057218,-0.062375,-0.02338
0.0059464,-0.058185,0.076846,-0.032726,-0.070754,-0.021446
-0.0040439,-0.073332,0.050097,0.0085246,-0.029825,-0.022091
0.013036,0.013359,0.015937,0.031083,0.099727,-0.020157
-0.001788,-0.099435,0.022704,-0.0033994,0.15806,-0.025958
0.01207,-0.070431,0.016904,-0.024669,0.14452,-0.022735
0.026894,-0.00049895,0.017548,-0.038527,0.11101,-0.022091
0.019482,-0.0030771,0.0020792,-0.041105,0.036562,-0.027892
0.0085246,0.0011124,-0.0030771,-0.028536,0.017548,-0.029181
0.01207,-0.0030771,0.010458,-0.015646,-0.062052,-0.03047
0.011103,-0.02048,0.013036,-0.033048,-0.10814,-0.029825
0.006591,-0.011778,0.00788,-0.0859,-0.059152,-0.021124
0.0072355,0.0098136,0.0020792,-0.056896,-0.056896,-0.022091
0.019159,-0.067209,0.0014347,-0.036271,-0.040138,-0.017257
0.032695,0.062988,0.015937,-0.018546,0.066533,-0.0062998
0.024316,0.12454,0.023027,-0.0079111,0.33724,-0.0082334
-0.00017668,-0.075265,0.020771,-0.0095225,0.18481,-0.021769
0.00788,0.022704,0.018837,-0.030792,0.003046,-0.028859
-0.0011435,-0.11168,0.018193,-0.025958,0.050419,-0.025958
-0.0059775,-0.079455,0.020126,-0.063986,-0.032081,-0.039816
0.015292,0.016259,-0.0011435,-0.018546,-0.04046,-0.035626
0.018193,0.0014347,-0.0043662,0.024638,-0.0072666,-0.034015
-0.005333,-0.025958,0.02496,0.0024015,0.0091691,-0.040138
-0.00082122,-0.071398,0.014003,-0.03337,0.021415,-0.041427
0.0027237,-0.056574,0.010458,-0.043683,0.017226,-0.03337
0.015292,0.078779,0.0043351,-0.024025,0.013359,-0.026925
0.0053019,0.18158,-0.0056553,0.0059464,-0.029181,-0.037882
0.0036905,-0.10878,0.010458,0.058798,-0.080744,-0.036915
0.013359,-0.12908,0.027861,0.042363,-0.074298,-0.021446
0.034628,-0.092346,0.024316,0.02496,-0.0072666,-0.012423
0.018837,-0.096213,0.015292,0.019482,0.0053019,-0.015323
0.0024015,-0.037238,0.0091691,0.0085246,0.11455,-0.0088779
0.0043351,-0.03047,0.015614,-0.025314,0.089092,-0.0059775
0.0043351,-0.065919,0.015292,-0.019835,0.02206,-0.012423
0.020771,-0.045617,0.023349,0.022382,0.044941,-0.024991
0.00079012,-0.055285,0.017548,-0.0033994,0.027861,-0.02757
0.0062687,-0.13102,0.012392,-0.031437,0.0049796,-0.028536
0.036562,-0.0092002,0.0094914,-0.031437,-0.0014658,-0.034659
0.030439,0.2976,0.022382,-0.055285,0.0027237,-0.040138
0.022382,0.055576,-0.014679,-0.072365,0.024316,-0.045617
0.00046785,-0.11233,0.0075578,-0.082033,0.0053019,-0.043361
0.0020792,-0.15744,0.01497,-0.065597,-0.013712,-0.04046
0.016259,0.06331,0.0072355,-0.022091,-0.0014658,-0.03047
0.024316,0.11487,0.022382,-0.056251,0.026249,-0.02757
0.015614,-0.098146,0.059765,-0.049162,0.080068,-0.021769
0.016581,-0.098146,0.028827,0.013681,0.066855,-0.017901
0.011747,-0.023058,0.01497,0.039785,0.057832,-0.017579
-0.0021103,-0.018546,0.017226,0.0036905,0.044296,-0.021446
0.0049796,-0.043038,0.006591,-0.0043662,0.035917,-0.020802
0.0062687,-0.14069,0.016581,-0.038204,0.018193,-0.020802
0.0049796,0.065888,0.014648,-0.054962,0.016581,-0.020157
0.00014558,-0.1307,-0.0030771,-0.022413,0.033662,-0.022735
0.019482,-0.074943,-0.010167,-0.019835,0.016904,-0.02338
0.021415,0.036884,0.018515,-0.0056553,-0.0062998,-0.021446
0.0049796,-0.018224,0.023993,0.065888,0.0091691,-0.024025
0.011425,0.023349,0.011747,0.072978,0.0011124,-0.019191
0.0094914,0.059443,0.076201,0.011425,-0.0033994,-0.019835
0.018515,0.11036,0.040107,-0.055929,0.01078,-0.020157
0.018515,0.054609,-0.017257,-0.077199,0.071689,-0.024669
0.0049796,-0.1062,-0.0082334,-0.068175,0.051386,-0.03047
-0.00082122,-0.041105,-0.04755,-0.055929,0.011747,-0.028859
-0.0095225,0.11391,-0.034337,-0.057218,0.028183,-0.029503
0.018837,0.017548,0.080068,-0.060119,0.0017569,-0.030792
0.014003,-0.10072,0.067177,0.0040128,-0.021769,-0.031437
-0.010167,-0.11329,0.048808,0.033984,-0.014357,-0.039171
0.023993,-0.10943,0.079101,0.029472,-0.0088779,-0.027892
0.039785,-0.083322,-0.012745,-0.065597,-0.03756,-0.017579
0.01787,-0.052706,0.02206,-0.095568,-0.062052,-0.017579
0.020771,-0.014034,0.0094914,-0.091056,-0.061085,-0.017579
0.017226,-0.0098447,0.016259,-0.030148,0.083935,-0.015646
0.025927,-0.047228,0.037851,0.11101,0.20382,-0.012745
0.014325,-0.067853,0.029472,0.058476,0.089092,-0.029503
0.0049796,-0.024669,0.015614,-0.011134,0.0094914,-0.031437
0.0049796,-0.001788,0.013036,0.02915,0.018193,-0.033693
0.0072355,-0.0098447,0.015614,0.13099,0.05622,-0.024669
0.0098136,-0.034982,0.014003,0.1152,0.16901,-0.0095225
0.0088468,-0.086867,0.012392,0.0082023,0.17707,-0.020802
0.006591,0.24217,0.011103,-0.041427,0.13485,-0.017579
0.0014347,0.30823,0.0091691,-0.07172,0.073623,-0.026925
0.0043351,-0.10653,0.00788,-0.034659,-0.012101,-0.036271
0.0098136,-0.19322,0.014648,-0.048195,-0.051417,-0.038527
0.0069132,-0.24188,0.0091691,-0.03337,-0.071398,-0.034659
-0.00017668,-0.12232,0.0088468,0.027216,-0.052706,-0.038204
0.00014558,0.0098136,0.010136,0.059121,-0.025636,-0.046906
0.00079012,0.15838,-0.019835,-0.088801,-0.0098447,-0.039493
0.00788,0.1732,-0.040783,-0.05883,-0.032081,-0.039171
0.022382,-0.043361,-0.02048,-0.031437,-0.026603,-0.026603
0.026572,-0.15648,0.033017,-0.047228,0.070078,-0.012745
0.0059464,-0.065597,0.091348,-0.026925,0.074267,-0.019191
-0.0014658,-0.034015,0.038173,-0.039816,0.069756,-0.015968
0.0094914,-0.034659,0.011747,-0.045939,0.027861,-0.013712
0.010458,0.08748,0.032695,-0.03756,0.0033683,-0.019513
0.006591,-0.053029,0.030439,-0.041749,0.0062687,-0.01339
0.010136,-0.14069,0.024638,-0.012101,-0.014679,-0.015968
0.011747,-0.068498,0.011747,-0.021124,-0.022413,-0.02628
0.01497,-0.012101,0.010136,-0.02757,-0.054962,-0.028536
0.0094914,-0.032081,0.0027237,0.013359,-0.063019,-0.022735
0.0072355,-0.049484,-0.0011435,0.023993,-0.050773,-0.016935
0.015937,0.027216,0.0020792,0.019159,-0.0033994,-0.023058
0.01497,0.055898,-0.0069443,-0.032404,0.13679,-0.029503
0.0043351,0.15677,-0.0043662,-0.10266,0.06331,-0.035304
0.016259,0.16579,0.0082023,-0.1004,0.0036905,-0.026603
0.018515,-0.048195,0.017548,-0.11007,-0.026603,-0.029825
-0.0092002,-0.1742,0.024316,-0.071398,-0.089123,-0.038527
-0.0024326,-0.2393,0.020126,0.031728,-0.04755,-0.039816
0.014325,-0.10814,0.021093,0.0075578,0.1732,-0.027247
0.018837,-0.062375,0.014648,-0.0069443,0.22702,-0.016612
0.0091691,-0.0069443,0.019804,0.035595,0.011425,-0.033048
-0.0066221,0.011425,0.017226,0.055576,0.010458,-0.050128
0.00014558,0.13066,0.0014347,0.0091691,0.039785,-0.038849
-0.0098447,0.11358,-0.0050107,-0.03756,0.023349,-0.025958
0.010458,-0.027892,0.01207,-0.016612,-0.0030771,-0.03047
0.017548,-0.094601,0.015292,0.00014558,0.01497,-0.036271
0.025927,-0.15873,0.03205,-0.001788,0.061699,-0.026925
0.053642,-0.09299,0.031406,-0.031437,0.062021,-0.012745
0.032695,0.075234,0.0069132,0.012714,0.010458,-0.014357
0.015292,0.10392,0.0075578,0.073623,0.012392,-0.015646
0.0082023,-0.22093,0.0040128,-0.031114,-0.027247,-0.013712
0.014003,-0.1539,0.019159,-0.066564,-0.035304,-0.013067
0.027216,0.056543,0.025283,-0.024669,-0.012101,-0.019835
0.021415,0.081357,0.015292,-0.024347,0.11455,-0.021446
0.003046,0.072334,0.00046785,-0.042716,0.064599,-0.021446
-0.0011435,-0.054962,-0.001788,-0.015646,-0.024669,-0.023702
0.003046,-0.10653,0.010136,-0.025314,0.022382,-0.015001
0.01078,0.064922,0.054931,-0.036915,0.10327,-0.023058
0.0088468,0.0075578,0.034628,-0.020802,0.076523,-0.032726
0.011425,-0.11877,0.01497,0.055898,0.046875,-0.034982
0.0020792,-0.082355,0.016259,-0.010489,-0.0046884,-0.033693
-0.0014658,-0.035304,0.006591,-0.029825,0.013036,-0.025958
-0.0033994,0.1023,0.0040128,0.01497,0.073945,-0.038849
-0.0014658,0.22154,-0.011456,0.018515,0.04333,-0.038204
0.019159,0.11648,-0.0082334,-0.0075889,0.0017569,-0.025958
0.01207,-0.18806,0.030117,-0.0037216,0.0069132,-0.032404
-0.019835,-0.1626,0.076523,-0.0088779,0.01207,-0.045294
-0.011134,-0.034659,0.044941,-0.021769,0.00014558,-0.03756
0.0082023,-0.040783,0.025605,-0.075265,-0.0062998,-0.024347
0.03205,-0.080422,0.035595,-0.03756,0.020771,-0.021769
0.026249,-0.21674,0.011103,0.0053019,0.0075578,-0.019513
0.022382,-0.07172,0.014648,0.018515,0.021738,-0.02048
0.016904,0.022704,0.0017569,-0.074298,-0.00049895,-0.027892
0.028827,-0.014357,-0.0066221,-0.035304,-0.044005,-0.028536
0.027538,-0.00017668,-0.0062998,-0.0050107,-0.017257,-0.02338
0.020126,0.027216,0.019159,0.042041,-0.015323,-0.0082334
0.01787,0.070078,0.069433,0.061699,0.03624,-0.013067
0.021415,0.12293,-0.0021103,0.0033683,0.042685,-0.015646
0.012392,0.048486,0.0024015,-0.0030771,0.065888,-0.010812
0.020449,-0.059474,0.019482,-0.020157,0.053964,-0.0066221
0.016904,-0.14552,-0.010489,-0.072687,0.018837,0.0027237
0.017548,-0.11813,0.00014558,-0.058185,0.032372,0.0014347
0.020771,0.063955,0.049453,-0.065275,0.010458,-0.014679
0.0017569,-0.036915,0.034628,-0.066886,-0.0027548,-0.028214
0.014003,0.081357,-0.0027548,-0.049162,-0.0092002,-0.017257
0.0024015,0.071045,0.010136,-0.077843,-0.053673,-0.030792
0.0014347,-0.11039,0.014648,-0.069787,-0.067853,-0.054318
-0.0014658,-0.14101,0.021093,-0.034015,-0.022413,-0.053351
0.0049796,-0.076554,0.01787,-0.023058,0.069433,-0.046261
0.0098136,0.0053019,0.014325,0.0094914,0.087803,-0.048839
0.00046785,-0.01629,0.011103,0.024316,0.015292,-0.04755
-0.014679,-0.038527,0.013359,-0.021124,-0.029825,-0.045617
0.0046573,-0.020802,0.021415,0.011747,-0.079777,-0.041749
0.015614,-0.0024326,0.025283,0.030439,-0.015646,-0.025636
0.0027237,0.019482,0.019804,0.041074,0.1732,-0.018224
0.021738,0.013036,0.01787,0.021738,0.16611,-0.0085557
0.01078,0.0014347,0.019482,-0.012745,0.077812,-0.027892
-0.00017668,-0.10008,0.018193,0.029794,0.10488,-0.027892
0.0024015,-0.12651,0.0056242,-0.017579,0.01787,-0.029503
0.010136,-0.066886,0.0020792,-0.036271,-0.036271,-0.029503
0.016259,0.074267,0.0094914,-0.020157,-0.09589,-0.019513
0.016581,0.0094914,0.0072355,-0.015968,-0.11619,-0.019191
0.013681,-0.14906,0.0091691,-0.0069443,0.091348,-0.023702
0.017548,-0.02757,0.020771,-0.067209,0.24797,-0.02048
0.012392,0.17933,0.026572,-0.086545,0.047841,-0.019191
0.006591,0.016259,0.025605,-0.09718,0.0014347,-0.020802
0.0056242,-0.03047,0.017548,-0.1365,-0.015646,-0.027892
-0.00082122,-0.010167,-0.011456,-0.028536,0.0014347,-0.032404
0.012714,-0.015323,-0.031114,0.065566,0.00788,-0.026925
0.025605,0.046875,-0.02757,0.087158,-0.011134,-0.027247
0.027216,0.13131,0.026572,0.062343,-0.0075889,-0.021769
0.012714,-0.055929,0.087158,0.043007,-0.015968,-0.022735
0.0091691,-0.10749,0.051386,0.021093,0.041718,-0.018546
0.0062687,-0.081711,0.02915,0.0049796,0.066855,-0.014679
-0.0066221,-0.063986,0.016581,-0.014357,0.030117,-0.019835
0.010136,0.065244,0.0072355,-0.029181,-0.010167,-0.021124
0.023993,0.072011,0.013681,-0.0085557,0.014003,-0.014679
0.016259,0.016259,0.011103,-0.043361,0.031728,-0.021446
0.030117,-0.030792,0.006591,-0.054962,-0.00049895,-0.030792
0.025283,-0.11007,0.00046785,-0.02628,-0.012745,-0.022091
0.012714,-0.069464,0.0059464,-0.05464,0.028183,-0.01629
0.0098136,-0.076554,0.014003,-0.06882,0.1152,-0.021446
0.0062687,-0.09589,0.048164,-0.041105,0.10746,-0.031437
-0.001788,-0.1149,0.025605,-0.0098447,0.056543,-0.029503
0.00788,-0.057863,0.0091691,0.031728,0.033662,-0.032726
0.0098136,0.093603,0.026572,0.046552,0.016581,-0.044972
0.010458,0.027861,0.0098136,-0.0037216,0.015292,-0.038204
-0.00017668,-0.098791,0.0094914,-0.020157,-0.0011435,-0.03047
-0.028536,-0.11587,0.0046573,-0.077521,-0.039171,-0.037882
-0.017257,-0.06882,0.0059464,-0.035949,-0.016935,-0.036271
0.0024015,-0.019835,0.0098136,0.010458,0.058798,-0.025636
0.038496,0.18513,0.017548,0.010458,0.02206,-0.015968
0.03914,0.067822,0.013036,-0.0079111,-0.018546,-0.022413
0.0056242,-0.18451,-0.00082122,0.030439,-0.0024326,-0.032081
0.0069132,-0.023058,-0.0014658,-0.02757,-0.031759,-0.028859
0.029472,0.01497,-0.0079111,-0.036271,-0.028859,-0.025958
0.034306,-0.10524,0.069111,-0.03756,-0.0021103,-0.023058
0.015937,-0.13811,0.074267,-0.013067,0.03914,-0.015646
0.018837,-0.065919,-0.030792,0.031083,0.086836,-0.010812
0.028827,0.018837,0.0033683,-0.015646,0.068789,-0.021124
0.0062687,0.050742,0.0024015,-0.039171,0.0088468,-0.027247
-0.011134,0.1587,-0.001788,-0.039171,-0.0088779,-0.018546
0.0085246,0.19383,0.027216,-0.028214,-0.021124,-0.016612
0.015937,-0.11426,0.04333,0.011747,0.0024015,-0.030148
0.011103,-0.19741,0.0036905,0.03914,0.068144,-0.031114
0.0053019,-0.12457,0.0082023,-0.0069443,0.041396,-0.02757
-0.0075889,-0.10524,0.016904,-0.076232,0.011103,-0.034659
-0.0092002,-0.16163,0.048808,-0.10072,0.047841,-0.037238
0.019482,-0.07172,0.034628,-0.11652,0.033662,-0.029503
0.033339,0.11004,0.022704,-0.047228,-0.0040439,-0.032404
0.021415,0.045908,0.040751,0.055898,0.02915,-0.033693
0.023349,0.0059464,0.015937,0.025927,0.050097,-0.032726
0.006591,0.031083,0.006591,-0.0098447,0.0046573,-0.039493
-0.0027548,-0.055607,0.0036905,-0.022091,-0.021124,-0.033048
0.0020792,-0.068498,0.010458,-0.056251,0.033339,-0.028214
-0.0027548,0.090059,0.021415,0.0014347,0.057187,-0.027247
0.00014558,0.014648,0.028505,0.031406,0.052031,-0.029181
0.010458,-0.011456,0.014003,0.0094914,0.046552,-0.028859
0.01787,0.0088468,0.0098136,0.011425,0.038818,-0.017579
0.011425,-0.001788,0.01787,-0.039816,0.0011124,-0.015968
0.019482,0.0062687,0.017226,-0.049484,0.016904,-0.012423
0.027216,0.022382,0.013359,-0.042072,0.033017,-0.014357
0.016904,0.12164,0.0046573,-0.022735,0.0098136,-0.022735
0.018193,0.013359,-0.0027548,-0.0024326,-0.024025,-0.02338
0.023993,-0.14713,0.01078,-0.01339,-0.053996,-0.02338
0.01207,-0.067531,0.013681,-0.0069443,-0.090734,-0.031114
-0.0021103,-0.075588,0.0046573,-0.036915,-0.065275,-0.029503
-0.0062998,-0.038204,0.0085246,-0.077843,0.090059,-0.016935
0.0024015,-0.017579,0.011747,-0.03756,0.19125,-0.01629
0.014003,0.015614,0.014648,0.023027,0.087158,-0.017901
0.011425,0.10359,0.015292,0.024316,0.054931,-0.018868
0.0020792,0.010458,0.012714,0.0053019,0.059121,-0.023058
-0.0066221,-0.09718,0.015292,0.023671,0.031728,-0.034659
-0.0050107,-0.053673,0.0098136,0.025605,0.025283,-0.039171
-0.0079111,0.11197,0.01078,-0.013712,0.032695,-0.036271
0.00788,0.014003,0.006591,-0.038527,0.040429,-0.03047
0.032372,-0.16324,-0.0046884,-0.074621,0.052675,-0.033693
0.029794,-0.21867,0.0014347,-0.067853,0.031083,-0.030148
0.023027,-0.14069,0.017548,-0.0095225,-0.055607,-0.026603
0.01497,-0.039171,0.056543,0.066855,-0.070109,-0.02338
0.018837,-0.015323,0.079424,0.095215,-0.04755,-0.0088779
0.016581,0.0033683,0.029472,-0.0062998,-0.039171,-0.0056553
0.016904,-0.038204,0.019482,-0.029181,0.003046,-0.011778
0.021093,-0.014034,0.013036,-0.015646,0.090059,-0.017257
0.011747,-0.012101,-0.046261,-0.062375,0.17256,-0.018868
0.011103,-0.026603,-0.015646,-0.091056,0.11004,-0.0098447
0.0088468,0.059765,0.023027,-0.038204,0.012392,-0.021446
0.0091691,0.051709,0.046875,0.00046785,-0.0027548,-0.021446
0.0053019,-0.011134,0.017548,0.018837,-0.011778,-0.023702
0.0020792,0.01787,0.015614,0.017548,-0.035626,-0.027892
0.01497,-0.0066221,0.02206,-0.010167,0.048486,-0.034015
0.0036905,-0.1394,0.01078,-0.024347,0.18319,-0.041427
0.0020792,-0.075265,0.0094914,-0.057218,0.03624,-0.053996
0.00788,0.015292,0.017548,-0.050773,-0.06173,-0.04046
0.0075578,-0.0095225,0.019804,-0.0011435,-0.036271,-0.032404
0.0069132,0.07749,0.021093,0.049453,0.083613,-0.035949
0.0091691,0.22122,0.016904,0.025283,0.14517,-0.032404
0.019482,-0.031437,0.015292,-0.070109,0.02206,-0.027892
0.0059464,-0.23833,0.019482,-0.034337,0.029794,-0.018868
-0.011134,-0.18645,0.013681,-0.0033994,0.024638,-0.023058
0.0017569,-0.050773,0.014325,0.027216,0.013036,-0.03337
0.013681,-0.012423,0.012714,-0.055607,-0.0027548,-0.022091
0.024638,-0.011134,0.015614,-0.1004,-0.021769,-0.01339
0.019482,-0.011456,0.013359,-0.052706,-0.0043662,-0.017579
0.01497,-0.0033994,0.01207,-0.031114,0.0046573,-0.02048
0.027538,0.059765,0.021093,-0.022091,0.003046,-0.01339
0.013681,-0.011134,0.01787,0.023671,-0.011134,-0.019191
0.011103,-0.063019,0.0040128,0.051386,-0.015323,-0.025314
0.0059464,0.011103,-0.0050107,0.018837,-0.025958,-0.02628
-0.014357,0.0085246,-0.02757,0.003046,-0.025636,-0.02338
-0.01339,-0.064308,-0.027892,0.0053019,-0.0046884,-0.02048
0.01078,-0.10266,0.021093,-0.03047,0.044941,-0.015646
0.030117,-0.090734,0.092314,-0.053996,0.021093,-0.01339
0.03624,0.10166,0.069756,-0.0075889,-0.0030771,-0.016935
0.025283,0.052031,0.016581,-0.028859,0.012392,-0.020802
0.01207,0.0082023,0.015937,-0.10008,-0.005333,-0.035304
0.014003,-0.097502,0.014003,-0.048839,0.0053019,-0.034982
0.012392,0.057509,0.021738,0.079746,0.040751,-0.018546
0.00079012,-0.028536,0.014325,0.011425,0.050097,-0.022735
-0.0037216,-0.10524,-0.0021103,-0.057218,0.051709,-0.039493
0.015292,0.042041,0.021415,-0.052384,0.018193,-0.040783
0.017548,-0.052384,0.024638,0.0020792,-0.0050107,-0.025314
0.0085246,-0.049484,0.014648,-0.042394,-0.025314,-0.029503
0.0046573,-0.015968,0.023027,-0.0859,-0.048517,-0.039171
0.015292,-0.019513,0.028827,-0.012745,-0.011456,-0.036593
0.015292,-0.021124,0.025605,0.070078,0.09167,-0.029825
0.0056242,0.003046,0.01078,-0.0079111,0.095537,-0.027247
0.0072355,0.0020792,-0.0062998,-0.04046,0.056865,-0.032404
0.014003,0.0049796,-0.016935,-0.056574,0.021738,-0.033048
0.015614,0.11874,-0.0072666,-0.096213,-0.044972,-0.03337
0.013359,-0.018868,0.040107,-0.11748,-0.051095,-0.035949
0.021738,-0.14359,0.058798,-0.077843,-0.010167,-0.029825
0.019482,-0.10234,0.016259,-0.015646,-0.018868,-0.034982
-0.0056553,-0.067531,0.013681,0.086514,0.076846,-0.035304
-0.001788,0.029472,0.019159,0.082002,0.1761,-0.029503
-0.001788,0.072011,0.021093,0.073945,0.10746,-0.031759
0.0027237,-0.034015,0.011425,0.031083,0.0040128,-0.025958
0.010136,-0.098791,-0.0011435,0.0069132,0.043007,-0.015646
0.011425,-0.079455,0.0088468,0.028183,0.10456,-0.015646
0.011747,0.017226,0.011747,0.028827,0.062343,-0.021124
0.019804,0.029472,0.012392,-0.010489,0.072978,-0.022413
0.027538,-0.031759,0.020449,-0.0085557,0.056543,-0.019191
0.012392,0.016904,0.023027,-0.0030771,0.006591,-0.023058
-0.01339,-0.063986,0.0040128,-0.01339,-0.018546,-0.03337
-0.0033994,-0.071398,0.00014558,-0.024991,-0.013712,-0.02628
0.0033683,-0.10362,0.0075578,-0.0021103,-0.0037216,-0.014357
-0.0069443,-0.066886,0.017226,-0.022091,-0.018868,-0.01629
0.006591,-0.0024326,0.016904,0.016581,-0.0098447,-0.016612
0.031406,0.039462,0.0072355,-0.015323,-0.015968,-0.013712
0.050419,0.024316,0.017548,-0.082677,-0.034982,-0.020157
0.025605,0.044619,0.020126,-0.048195,-0.0011435,-0.025636
0.0040128,0.23766,0.015937,-0.031114,0.044941,-0.023702
0.030117,0.14581,0.016259,-0.086222,0.072978,-0.022413
0.014325,-0.031437,-0.0050107,-0.063019,0.0024015,-0.031437
0.0033683,-0.18258,-0.0085557,-0.042072,-0.034015,-0.036593
0.02496,-0.23253,0.012714,-0.021124,0.02206,-0.02757
0.003046,-0.22576,0.017548,-0.052384,0.038818,-0.02338
0.0069132,-0.21287,0.045585,-0.096535,0.025605,-0.02338
0.019159,-0.041749,0.030117,-0.076232,0.037529,-0.012101
0.0056242,0.043007,0.018193,-0.072043,0.0075578,-0.015001
-0.0027548,-0.012745,0.019482,-0.059474,-0.056896,-0.031759
0.0049796,-0.0072666,0.012392,0.0098136,-0.070754,-0.033048
0.017226,0.00788,0.011747,0.026572,-0.066886,-0.02628
0.0027237,0.060732,0.0059464,0.00079012,0.052353,-0.024669
0.0011124,0.20543,0.0069132,0.01078,0.10392,-0.032404
0.011425,0.069433,0.014003,0.033339,-0.0059775,-0.039171
0.023349,-0.24736,0.01787,0.086514,0.061054,-0.033693
0.01207,-0.2712,0.019804,0.065566,0.088769,-0.031114
0.013359,0.059765,0.030439,0.064922,0.013036,-0.02757
0.016904,0.083613,0.062021,0.018837,0.0704,-0.026603
0.0046573,-0.029181,0.033984,0.061377,0.20124,-0.021124
0.0020792,-0.09299,0.012714,-0.0011435,0.044619,-0.021446
-0.0050107,-0.027247,0.033339,-0.043038,-0.086222,-0.024347
-0.0021103,0.09876,0.020449,-0.029503,-0.045939,-0.028859
-0.0014658,-0.11233,0.014325,-0.021769,0.089414,-0.025958
0.016904,-0.092668,0.026894,-0.028214,0.1297,-0.027247
0.0098136,0.097793,0.029794,-0.032404,0.038173,-0.037882
0.011103,0.082002,0.012392,-0.053673,0.098115,-0.031759
0.017226,0.017226,-0.0056553,-0.049162,0.1239,-0.019835
0.014003,0.039785,-0.0075889,-0.011778,0.08168,-0.020802
0.017226,-0.043683,0.0024015,0.016259,0.03624,-0.018224
0.016259,-0.036271,0.0059464,0.0053019,0.0014347,-0.015968
0.016581,0.044619,0.0040128,-0.010489,-0.04465,-0.020157
0.0053019,0.029472,0.0020792,-0.02757,-0.073976,-0.024991
-0.0095225,-0.051095,0.00788,-0.063986,-0.033048,-0.022735
-0.017579,-0.13424,0.0046573,-0.11394,-0.028536,-0.028859
-0.00082122,-0.11394,0.0062687,-0.11619,-0.034659,-0.023702
0.035273,0.046875,0.014648,-0.071398,-0.0062998,-0.021769
0.030761,0.0024015,0.031083,0.023349,0.018837,-0.035626
0.010136,-0.048839,0.027861,-0.0030771,-0.0030771,-0.035304
0.016581,-0.025636,0.0056242,0.0020792,-0.033048,-0.031759
0.017548,-0.066886,0.016581,0.022382,-0.03047,-0.02628
0.0085246,0.084902,0.021093,-0.01629,0.0036905,-0.030792
0.010136,0.099404,0.017548,0.021415,0.050097,-0.026925
0.019159,-0.038204,0.023671,0.039785,0.021093,-0.01339
0.029472,-0.093957,0.0043351,0.017548,-0.02757,-0.0075889
0.0072355,-0.091056,-0.00082122,-0.045294,-0.041105,-0.015001
0.0036905,-0.038204,-0.011456,-0.05174,-0.011456,-0.028214
0.026894,-0.00049895,-0.0085557,-0.053029,0.072334,-0.02048
0.031083,0.012392,0.0011124,-0.031437,0.15451,-0.023702
0.026249,-0.014357,0.038818,0.013036,0.11777,-0.028214
0.015937,-0.09718,0.035917,0.023671,0.042041,-0.028536
0.01207,-0.11007,-0.052062,0.0053019,0.040107,-0.040138
0.0094914,-0.041749,-0.029825,-0.07172,0.023671,-0.04465
-0.0043662,-0.024025,0.0036905,-0.071398,0.02496,-0.03756
0.0036905,0.023993,0.078779,-0.029825,0.014648,-0.033693
0.022704,0.11487,0.10295,0.0036905,0.0033683,-0.033048
0.0069132,0.025283,0.043007,0.00014558,-0.018868,-0.028536
-0.0082334,-0.11942,0.029794,0.069756,-0.018224,-0.015646
0.0014347,-0.093312,0.0675,0.028827,0.0059464,-0.016612
-0.0069443,-0.049484,0.025605,-0.0095225,-0.01339,-0.022413
-0.0027548,-0.0050107,0.015614,0.010136,0.01787,-0.023058
-0.0024326,0.050419,0.036884,-0.017901,0.022704,-0.025958
0.014648,0.023671,0.032695,-0.044327,0.029472,-0.024669
0.02206,-0.035304,0.014003,-0.057218,0.052031,-0.023058
0.015614,-0.012745,0.0017569,-0.039816,0.099082,-0.019191
0.029472,-0.0085557,-0.0011435,-0.021124,0.068144,-0.016612
0.0046573,-0.088801,-0.01629,-0.026925,0.051709,-0.017579
0.011103,-0.10943,0.00788,-0.0069443,0.055254,-0.017579
0.032695,-0.022735,0.011747,0.0036905,0.018515,-0.024025
0.0088468,-0.012101,0.0053019,0.0043351,0.0040128,-0.028214
-0.019835,-0.010489,-0.001788,-0.024669,-0.018546,-0.034982
-0.00017668,0.010136,0.0020792,-0.065597,-0.027892,-0.03047
0.015614,0.045585,0.0088468,-0.06882,-0.024669,-0.022735
0.028505,0.023027,0.01207,-0.082677,-0.013712,-0.021446
0.024316,-0.091379,0.0033683,-0.09718,0.015937,-0.024991
0.006591,-0.15454,-0.013067,-0.039171,0.076201,-0.025958
0.0075578,-0.10717,-0.0011435,-0.027892,0.064277,-0.034659
0.010458,0.084258,0.015292,0.01207,0.0094914,-0.032726
0.00046785,0.046552,0.044941,0.0675,-0.034337,-0.022735
0.01787,-0.017257,0.033017,0.01078,-0.022091,-0.017579
0.014325,0.021738,-0.0079111,0.075234,0.043007,-0.018546
0.014003,-0.034337,-0.0011435,0.045585,0.030439,-0.02048
0.016581,-0.023058,0.0017569,-0.00017668,0.033662,-0.021124
0.00788,0.14839,-0.012101,0.01078,0.079746,-0.025636
0.0059464,0.14678,0.022704,0.041074,0.068467,-0.031114
0.006591,-0.12876,0.10263,0.0082023,0.037851,-0.035304
0.020126,-0.077199,0.038818,-0.015001,-0.020802,-0.025958
-0.00017668,-0.082033,0.033339,-0.072043,0.011425,-0.02338
-0.0037216,-0.23253,0.01497,-0.074298,0.057187,-0.023702
0.015614,-0.033693,-0.0040439,-0.041749,-0.017579,-0.025636
0.019482,-0.016612,0.014003,-0.057218,-0.068175,-0.012423
0.016581,-0.039493,0.0082023,-0.049806,-0.10749,-0.020157
0.017548,-0.01339,0.021738,-0.030148,-0.12973,-0.024025
0.029794,-0.0014658,0.032695,0.017226,0.0059464,-0.016612
0.031728,-0.0043662,0.022704,0.023671,0.16031,-0.021446
0.0056242,-0.0072666,0.016259,-0.011134,0.17643,-0.035304
-0.0021103,-0.0095225,0.015292,-0.048839,0.11584,-0.033048
-0.010812,-0.018546,0.018837,-0.038204,0.087803,-0.032404
-0.0062998,-0.020802,0.0091691,-0.034982,0.045585,-0.046583
0.01787,-0.013712,0.003046,-0.05883,0.01207,-0.047872
0.02206,-0.019835,0.0053019,-0.059152,-0.025636,-0.042716
0.011103,-0.034659,0.011425,-0.065597,-0.043361,-0.045617
0.01497,-0.018224,0.022382,-0.065275,-0.056251,-0.043683
0.0059464,0.016904,0.0036905,-0.021769,-0.01339,-0.034982
0.0062687,0.066533,0.0098136,-0.017579,-0.031114,-0.025314
0.0091691,0.085547,0.018837,0.00014558,0.026572,-0.017901
0.0088468,0.033017,0.012392,0.055576,0.17739,-0.010489
0.014003,-0.092668,0.015937,0.028505,0.12229,-0.012745
0.0085246,-0.11426,0.010136,-0.046583,0.12776,-0.014357
0.012714,-0.04046,0.0075578,-0.070109,0.082646,-0.011456
0.016904,0.071689,0.0033683,-0.078166,0.044619,-0.015001
0.014003,-0.0040439,-0.0030771,-0.05464,0.025283,-0.021446
0.014003,-0.12361,0.014003,-0.038527,-0.0033994,-0.010167
0.018515,-0.11265,0.021093,0.071367,-0.0024326,-0.011456
0.016259,-0.053673,0.025283,0.16644,0.01787,-0.017579
0.016904,-0.015001,0.030761,0.20221,0.03205,-0.018546
0.0049796,-0.0021103,0.025283,0.072011,-0.00082122,-0.03337
-0.0027548,-0.019191,0.018193,-0.013067,-0.019513,-0.036593
-0.0098447,-0.015646,0.018837,-0.049162,-0.0027548,-0.043683
-0.0040439,-0.036915,0.025283,-0.06463,-0.04465,-0.049484
0.0017569,-0.044972,0.028505,0.025283,-0.05883,-0.044005
0.010458,-0.036593,0.023993,0.044941,-0.042394,-0.042394
0.018515,-0.030148,0.01497,-0.005333,-0.046583,-0.031114
0.0075578,-0.0043662,0.00079012,-0.043683,-0.028859,-0.034982
0.0082023,-0.0043662,-0.0030771,-0.034337,0.1181,-0.023702
0.016904,0.012714,0.0059464,-0.052384,0.18609,-0.0040439
0.017548,0.031728,0.017548,-0.062697,0.069756,-0.0011435
0.0056242,-0.01629,0.014003,-0.062052,0.055576,-0.017579
-0.021446,-0.079133,0.006591,-0.046583,0.036884,-0.018868
-0.012423,-0.031437,-0.00049895,-0.025958,-0.0062998,-0.028214
0.014325,0.10617,0.00788,-0.058507,-0.025314,-0.026925
0.025927,0.036884,0.016581,-0.084611,-0.041749,-0.019513
0.023671,-0.083,0.0088468,-0.066886,-0.02628,-0.019191
0.027861,-0.17323,0.0062687,-0.02338,0.0082023,-0.02048
0.027861,-0.061085,0.0020792,0.015937,0.011747,-0.018546
0.015292,0.00079012,0.033662,0.0075578,0.016259,-0.019513
0.023349,-0.081711,0.059765,0.0053019,0.0094914,-0.023058
0.031083,-0.0095225,0.024638,-0.024669,0.0094914,-0.026603
0.02915,0.10682,0.021415,-0.028859,0.01497,-0.021769
0.011425,-0.043038,0.015292,-0.011134,0.016259,-0.019835
0.0049796,-0.07881,0.012714,-0.0046884,0.028505,-0.023702
0.0075578,-0.041427,0.020449,-0.015323,0.034306,-0.019191
-0.0037216,0.0017569,0.016904,-0.011456,0.011103,-0.020157
0.0017569,-0.067531,0.016259,0.012392,0.04623,-0.023058
0.015937,-0.015001,0.026249,-0.00049895,0.068467,-0.026925
0.018515,-0.035626,0.028827,-0.066886,0.042363,-0.027892
0.021738,-0.012101,0.025927,-0.070431,-0.013712,-0.043683
0.0046573,0.0053019,0.02496,-0.044972,-0.0095225,-0.053673
0.0011124,0.02496,0.017226,-0.035949,-0.0059775,-0.050773
-0.0046884,0.11455,0.0094914,-0.041749,-0.0088779,-0.052384
0.0033683,0.02496,0.0075578,-0.061085,0.013359,-0.040138
0.0094914,-0.11813,0.014648,-0.034015,0.0069132,-0.03756
-0.0030771,-0.075265,0.017226,-0.032726,-0.011778,-0.022413
-0.0011435,-0.14616,0.0033683,-0.015001,-0.012745,-0.011134
0.0027237,0.13614,-0.0079111,-0.0040439,-0.0046884,-0.022413
0.012714,0.19222,-0.0030771,0.019482,0.080068,-0.02338
0.019804,-0.11297,0.0062687,0.032695,0.17739,-0.027892
0.0085246,-0.15583,0.03624,-0.0066221,0.090059,-0.022091
0.01078,-0.11136,0.05332,-0.029503,0.050419,-0.027892
0.013036,-0.058507,0.011425,-0.018546,0.044296,-0.030792
0.018837,-0.0095225,0.015292,0.0020792,0.019804,-0.024669
0.014648,0.023027,-0.019835,0.034306,0.0014347,-0.022735
0.013681,0.0056242,-0.034982,0.044296,0.0053019,-0.021769
0.012392,0.034628,-0.014357,-0.063019,-0.017901,-0.018868
0.011103,0.0049796,0.026894,-0.060441,-0.0085557,-0.019835
0.021415,-0.086222,0.095215,-0.0014658,-0.0011435,-0.017257
0.028505,-0.074298,0.055254,0.031728,0.0094914,-0.019191
0.023671,-0.041427,0.011425,0.037529,0.046875,-0.017257
0.023349,-0.016612,0.026572,0.042363,0.064922,-0.012745
0.016904,-0.015323,0.026894,-0.043361,0.045263,-0.015001
-0.0011435,-0.037238,0.021738,-0.053029,0.012714,-0.028859
-0.0082334,-0.041427,0.014003,-0.015323,0.0056242,-0.033048
0.00079012,-0.012423,0.017226,-0.052062,0.014648,-0.031759
0.0043351,0.0033683,0.021415,0.014648,0.044941,-0.040138
-0.0014658,0.0011124,0.0098136,-0.053673,0.042685,-0.037882
0.00014558,-0.022735,-0.0030771,-0.062052,0.057187,-0.031114
0.0033683,-0.011134,0.012714,0.054931,0.04913,-0.024991
0.011103,-0.013712,0.0088468,0.028827,0.017548,-0.018868
0.010458,-0.014679,0.0094914,-0.027247,0.0053019,-0.016612
0.01207,-0.015968,0.0040128,-0.032404,0.0036905,-0.019191
0.012714,-0.015646,0.0014347,-0.039493,-0.015646,-0.024347
0.016904,-0.013067,0.0072355,-0.0079111,-0.013067,-0.021124
0.0094914,-0.0040439,0.011103,-0.036593,-0.0033994,-0.021124
-0.0056553,-0.0056553,0.011425,-0.025314,-0.0024326,-0.026603
-0.0011435,-0.022413,0.013359,-0.0040439,0.0098136,-0.042716
0.016581,-0.045939,0.015614,-0.03337,0.026249,-0.02757
0.034628,-0.034015,0.023027,0.012392,-0.034659,-0.01339
0.023671,-0.019191,0.0072355,0.0082023,-0.07172,-0.019513
0.015937,-0.011456,0.014003,0.014325,-0.023058,-0.024025
0.013681,-0.01629,0.020449,0.042685,0.030761,-0.02338
0.0072355,-0.02048,0.011103,0.048808,0.07749,-0.023058
0.0043351,-0.017579,0.010458,0.0062687,0.079746,-0.025958
0.0075578,-0.023058,0.015292,-0.0859,0.029794,-0.024347
0.00788,0.082646,0.024638,-0.10556,-0.023058,-0.031437
0.016259,0.097471,0.021415,-0.087834,-0.024991,-0.035626
0.01787,-0.063986,0.019804,-0.083967,-0.06882,-0.03047
0.018193,-0.053673,0.026572,-0.035304,0.051064,-0.012745
0.016259,-0.055607,0.019804,0.0024015,0.060732,-0.014357
0.0053019,-0.069142,0.021415,0.015292,0.18481,-0.021446
0.0094914,-0.03337,0.01787,0.012714,0.21768,-0.02338
0.020126,0.033662,0.0085246,0.031728,0.0704,-0.028859
0.019482,-0.12006,0.013681,0.052998,0.15902,-0.018224
0.015614,-0.12683,0.0082023,-0.020157,0.10521,-0.021446
0.023671,0.0033683,0.006591,-0.035626,0.01207,-0.025636
0.0085246,0.032372,0.018193,-0.019513,-0.013067,-0.023702
0.015292,-0.1684,0.020771,-0.032081,-0.044327,-0.027247
0.013681,-0.18065,0.010136,-0.074621,-0.00049895,-0.021769
0.0094914,0.029472,0.0075578,-0.071398,0.065244,-0.019835
-0.0092002,0.059765,0.016259,-0.059796,-0.0024326,-0.029181
-0.018868,-0.039816,0.030117,-0.027247,-0.05464,-0.031759
0.0046573,0.024638,0.027216,0.022704,-0.014679,-0.020802
0.0075578,0.0062687,0.026572,0.030117,0.050097,-0.013067
-0.001788,0.0069132,0.013681,-0.024669,0.01497,-0.034015
0.0043351,-0.0095225,0.016259,-0.052706,-0.031114,-0.049162
0.027538,-0.014034,0.012714,-0.04046,-0.011134,-0.038849
0.0043351,-0.015968,0.0024015,-0.039816,0.0014347,-0.039493
0.0091691,0.0024015,0.014325,0.017226,-0.0014658,-0.038527
0.011425,0.069756,-0.0092002,0.04913,-0.001788,-0.029181
-0.0014658,0.042685,-0.018546,-0.035949,-0.0088779,-0.03047
0.015937,-0.054318,0.012392,-0.075588,0.033017,-0.024669
0.021093,-0.081388,0.01207,-0.015968,0.070078,-0.016612
0.015614,-0.032404,0.041718,-0.014357,0.011425,-0.024669
0.024638,0.015292,0.048808,0.014648,-0.001788,-0.027892
0.022382,-0.06173,-0.026603,0.089736,0.0091691,-0.022413
0.020126,-0.044327,0.023027,-0.0046884,-0.014034,-0.0095225
-0.0024326,0.14098,0.047841,-0.021124,-0.054318,-0.019191
-0.014679,0.075556,0.048808,-0.030148,-0.046906,-0.031759
0.021738,-0.2567,0.017548,-0.078166,0.00079012,-0.022735
0.036562,-0.30311,0.029794,-0.06173,0.061377,-0.018224
0.028827,0.14613,0.0040128,-0.020157,0.053964,-0.018546
0.00079012,0.0072355,-0.0040439,-0.0027548,0.016259,-0.032726
-0.00017668,-0.094601,-0.0072666,0.032695,0.01787,-0.038204
0.0088468,-0.0059775,0.029472,0.030117,0.011425,-0.039493
0.0040128,0.013036,0.025605,-0.012101,0.037529,-0.045617
0.0053019,0.026894,0.035273,-0.026603,0.072978,-0.03756
0.015614,-0.0024326,0.062666,-0.068498,0.045908,-0.028536
0.0075578,-0.055929,0.0056242,-0.063341,0.018837,-0.024669
0.01207,-0.034659,0.011425,-0.016612,0.015292,-0.019513
0.022704,0.0043351,0.015614,0.04333,-0.0072666,-0.0095225
0.023671,0.003046,0.015937,0.057187,-0.026925,-0.0075889
0.021415,0.0056242,0.016259,0.017226,-0.0037216,-0.0062998
0.020126,-0.0085557,0.011103,-0.056251,0.044619,-0.01629
0.013036,-0.0046884,0.0098136,-0.031114,0.10392,-0.020802
-0.0088779,-0.0030771,0.0017569,-0.027247,0.066211,-0.03047
0.013359,-0.0079111,0.0075578,-0.024991,0.034306,-0.027892
0.006591,-0.031114,0.010136,-0.049806,0.037206,-0.024347
-0.013067,-0.032404,0.013036,-0.031759,0.025927,-0.034982
0.00014558,0.0043351,0.016904,0.0059464,0.060732,-0.031759
-0.0059775,-0.0059775,0.0011124,-0.053029,0.040751,-0.038849
0.01207,-0.047228,-0.034659,-0.028214,0.01078,-0.03337
0.016904,-0.080744,-0.02757,0.022704,0.015614,-0.025958
0.028827,-0.042716,0.0020792,-0.0027548,0.044619,-0.024991
0.017548,-0.024347,0.074267,-0.024669,0.045585,-0.027247
0.0072355,-0.030148,0.082002,-0.05174,0.0046573,-0.031114
0.0098136,-0.0079111,0.017226,-0.019835,-0.022735,-0.036915
0.0072355,-0.0056553,0.012392,-0.027892,-0.078166,-0.028536
0.0082023,0.020449,0.019159,0.076523,-0.029503,-0.031759
0.0043351,-0.057541,0.01207,0.08458,0.046875,-0.027247
0.003046,-0.082355,0.013359,-0.0069443,0.065244,-0.017579
0.013681,0.019804,0.015614,-0.046261,0.033339,-0.013067
0.013681,0.02496,0.010136,-0.1033,-0.022413,-0.010167
0.0091691,0.0085246,0.010458,-0.084611,-0.019835,-0.023058
0.01787,-0.041749,0.0082023,-0.030792,0.049453,-0.029825
0.0053019,-0.05174,-0.005333,0.0075578,0.13163,-0.030148
0.0027237,-0.053996,0.0091691,0.044619,0.26086,-0.02757
0.030439,-0.12812,0.02496,-0.0011435,0.17256,-0.017901
0.020449,-0.022413,0.011425,-0.056251,-0.026925,-0.024025
0.011425,0.080713,0.022704,0.00788,-0.058185,-0.023702
0.0043351,-0.022413,0.021093,-0.02757,-0.088478,-0.020802
0.00046785,0.050097,0.019482,-0.12103,-0.10008,-0.021446
0.0085246,0.065566,0.017548,-0.1004,-0.14004,-0.022413
0.0062687,-0.096213,0.016581,-0.043038,-0.14262,-0.025636
0.018193,-0.18741,0.01078,-0.052706,0.028505,-0.027247
0.025927,-0.14649,0.0085246,0.013681,0.27955,-0.028536
0.010136,0.013036,0.018837,0.10359,0.16611,-0.03047
-0.013067,0.022704,0.028827,0.093926,0.042041,-0.028536
0.0017569,-0.00082122,0.020771,0.016581,0.03205,-0.02628
0.014648,0.019482,0.013681,0.0020792,0.01787,-0.022091
0.01497,0.034951,0.019804,0.014648,0.039785,-0.01629
0.030117,0.04623,0.01497,0.00788,0.030439,-0.019191
0.034951,-0.01629,0.014003,-0.053351,-0.039493,-0.027892
0.021093,-0.065919,0.018837,-0.081066,-0.072043,-0.030792
0.014003,-0.073332,0.02206,-0.032081,-0.038204,-0.030792
0.018193,-0.041427,0.017548,-0.045939,-0.0040439,-0.022735
0.013359,-0.0050107,0.021093,-0.036271,0.016259,-0.032081
0.011747,0.071367,0.01497,-0.0085557,0.016904,-0.024025
0.015292,0.053964,-0.0088779,-0.034337,0.047197,-0.0050107
0.013359,-0.065597,-0.010812,-0.063019,0.043974,-0.00017668
0.0094914,-0.09299,-0.010812,0.065888,0.055576,-0.0088779
0.00788,-0.028859,-0.010812,0.13292,0.057187,-0.024991
0.0062687,0.10166,0.040751,-0.028859,0.030117,-0.032726
0.0069132,-0.011456,0.05332,-0.02628,0.011425,-0.03047
-0.0014658,-0.19934,0.030117,-0.015001,-0.010489,-0.034015
-0.010489,-0.013712,0.04333,-0.0066221,-0.020802,-0.032726
-0.032726,-0.015646,0.026894,0.003046,0.003046,-0.039493
-0.011778,-0.053673,0.020771,-0.024347,0.0020792,-0.041427
0.019804,0.0091691,0.021738,-0.025958,0.015614,-0.034659
0.018837,0.03205,0.010136,-0.03337,0.041074,-0.030792
0.0072355,-0.10427,-0.0082334,-0.089445,0.026572,-0.041105
0.015614,-0.11716,-0.017579,-0.088801,0.02915,-0.042394
0.018515,-0.045294,-0.010489,-0.058185,0.03914,-0.036271
0.01787,-0.0030771,0.012392,-0.063019,0.024638,-0.026603
0.017226,0.0091691,0.052031,-0.023702,0.0094914,-0.027247
0.0036905,0.0046573,0.061054,-0.0030771,0.026894,-0.023702
0.00788,0.0094914,0.016904,0.0011124,0.028505,-0.022735
0.020771,0.01497,0.018837,0.053964,0.041396,-0.027247
0.020771,0.006591,-0.011456,0.026572,0.057832,-0.025958
0.00788,0.01787,-0.0043662,-0.030148,0.025283,-0.025636
0.0046573,0.090703,-0.0027548,-0.021446,0.023349,-0.019835
0.015937,-0.02757,0.0046573,0.01207,0.049453,-0.013712
0.023993,-0.1307,0.014003,0.018515,0.067822,-0.0098447
0.0040128,-0.062375,-0.0098447,0.00014558,0.058798,-0.02048
0.0011124,-0.0021103,-0.013067,-0.02338,0.041396,-0.022091
0.0085246,0.024638,0.0062687,-0.030792,0.013359,-0.017901
0.011747,0.021415,0.041074,0.0098136,0.013036,-0.017257
0.02206,0.0094914,0.075879,0.00014558,0.0091691,-0.015001
0.02206,-0.10362,0.026572,-0.035949,-0.0037216,-0.018868
0.011425,-0.091379,0.024638,-0.053673,-0.017257,-0.020802
0.0094914,-0.11458,0.017548,-0.049484,-0.020802,-0.021769
0.0088468,-0.15777,0.003046,-0.039493,-0.037882,-0.034015
0.0088468,0.092959,-0.00049895,-0.010167,-0.0027548,-0.02338
0.0082023,0.0098136,0.0062687,-0.01629,0.0091691,-0.026925
0.0036905,-0.023058,0.014648,-0.035304,-0.014357,-0.039816
0.0072355,0.048486,0.059443,-0.02757,0.0049796,-0.042072
0.013036,0.029472,0.036884,-0.052384,0.031406,-0.034659
0.011425,-0.028536,0.0036905,-0.059474,0.024316,-0.032404
0.015614,-0.073976,0.0082023,-0.016935,-0.01339,-0.034015
0.02206,-0.014034,-0.028859,0.0040128,-0.015646,-0.03337
0.021093,-0.048839,-0.039171,-0.02628,-0.0059775,-0.019835
0.014325,-0.10685,-0.027247,-0.028536,0.026249,-0.02757
0.0014347,-0.052384,0.042363,-0.0027548,0.13195,-0.024347
0.0062687,0.11584,0.067177,-0.0014658,0.18706,-0.018224
-0.010167,0.021093,0.017226,0.030117,0.033662,-0.02628
0.0088468,0.056543,0.086836,0.011747,0.03205,-0.031114
0.020771,0.025605,0.065566,-0.035304,0.05332,-0.027247
0.0020792,-0.093312,-0.019191,0.0049796,-0.011134,-0.028214
0.023349,-0.047872,0.038496,-0.024025,-0.039171,-0.019513
0.019482,0.027538,0.01787,-0.086867,-0.032726,-0.021124
0.012392,0.070722,0.0098136,-0.028859,0.00046785,-0.018868
0.0043351,-0.018868,0.01078,-0.014679,0.019804,-0.028536
0.0011124,-0.13714,0.016581,-0.045294,0.071367,-0.021124
0.0069132,-0.068175,0.020449,0.0059464,0.082002,-0.010167
0.019482,0.00079012,0.022382,0.079424,0.069756,-0.014034
0.033339,-0.036915,0.020771,0.079424,0.078135,-0.023702
0.028505,-0.033693,0.018837,0.055254,0.027538,-0.02757
0.018515,-0.016935,0.00788,-0.034015,-0.0027548,-0.02757
0.012714,-0.033693,0.0082023,-0.034982,-0.03047,-0.028859
0.00014558,-0.043038,0.013036,-0.018546,-0.053673,-0.031114
-0.00017668,-0.022735,0.0043351,-0.044972,-0.025314,-0.025636
0.0059464,-0.019513,0.0036905,-0.071398,0.11101,-0.032081
0.012714,0.054287,0.01078,-0.022091,0.018193,-0.04046
0.025927,0.043974,0.012714,-0.02338,-0.070754,-0.033048
0.014648,-0.062375,0.015614,-0.042394,-0.063019,-0.015646
-0.0072666,-0.097824,0.011425,-0.055607,-0.035626,-0.012745
0.0017569,-0.051095,0.0072355,0.011425,0.074912,-0.024347
0.013359,0.0082023,0.01078,0.064922,0.2093,-0.020802
0.017548,0.035917,0.00788,0.023671,0.1616,-0.021769
0.017226,0.050419,0.0091691,0.035273,0.10263,-0.03756
0.015292,-0.11619,0.015292,-0.025636,0.070078,-0.035304
0.023349,-0.14165,0.0075578,-0.02757,-0.027247,-0.035304
0.0056242,-0.064308,-0.0075889,-0.051095,-0.082677,-0.035949
-0.0062998,-0.031114,-0.014679,-0.080422,-0.11071,-0.031114
0.011103,0.034628,-0.014679,-0.056574,-0.05883,-0.022413
0.020771,0.026572,0.014325,-0.034337,0.0043351,-0.023058
0.018837,-0.036271,0.052031,-0.01629,0.073623,-0.023702
0.0094914,-0.073654,0.042685,0.017548,0.10585,-0.015646
0.014003,0.017226,0.041074,0.033662,0.038173,-0.012423
0.0075578,0.04333,0.066855,-0.032081,-0.017579,-0.018224
-0.015323,0.0046573,0.0049796,-0.049806,-0.0069443,-0.015323
-0.0085557,0.017226,-0.010167,-0.046583,0.013036,-0.024991
0.014003,0.12744,-0.0088779,-0.044005,0.019159,-0.028214
0.024638,-0.15261,-0.0079111,-0.044972,0.050419,-0.023058
0.022382,-0.23028,0.014648,0.011747,0.073301,-0.027892
0.0069132,-0.044972,0.040429,0.042685,0.03624,-0.038849
0.0017569,-0.02048,0.043974,0.053642,0.023349,-0.042716
0.0075578,-0.022735,0.0098136,0.016259,0.0085246,-0.03756
0.006591,-0.0030771,0.010458,-0.039171,-0.0088779,-0.034337
0.0062687,-0.018224,0.019482,-0.074298,-0.014034,-0.029503
0.0085246,0.034306,0.019159,-0.076877,-0.040783,-0.02338
0.0046573,-0.0014658,0.014325,-0.05174,-0.085578,-0.034015
0.0027237,-0.031759,0.019159,0.032695,-0.076554,-0.036593
0.0043351,0.063955,0.017226,0.061699,0.015292,-0.031114
0.0069132,0.058476,0.012392,0.022704,0.13743,-0.035949
0.010136,-0.038527,0.022382,0.01207,0.13421,-0.029181
0.0036905,-0.19193,0.03205,-0.0033994,0.053642,-0.027247
0.0020792,-0.12071,0.035595,-0.024669,0.049453,-0.015646
0.01078,-0.010167,0.01787,-0.056896,0.01787,-0.015646
0.028505,0.0049796,-0.0024326,-0.04465,0.0020792,-0.013067
0.018837,0.048808,-0.016612,-0.082033,-0.0079111,-0.0085557
0.016904,0.043974,-0.016612,-0.1178,0.010136,-0.014357
0.020126,-0.050773,-0.00049895,-0.07591,0.0072355,-0.016935
0.01497,-0.067531,-0.0033994,-0.027247,0.0094914,-0.014357
0.019804,-0.0030771,0.0033683,-0.032404,0.003046,-0.016935
0.025927,0.050097,0.021415,0.0091691,0.044941,-0.015646
0.0069132,0.0062687,0.025927,0.065244,0.010136,-0.0069443
0.0014347,-0.14778,0.019482,-0.038204,0.049775,0.00079012
0.028505,-0.057218,0.024316,-0.069464,0.15935,0.00046785
0.028183,-0.016935,0.036884,0.012392,0.092314,-0.005333
0.029472,-0.011778,0.036884,0.033984,0.017226,-0.012423
0.023671,-0.0062998,0.018837,0.022704,0.028505,-0.019191
0.015614,-0.005333,0.015292,0.062343,0.021738,-0.032081
0.0075578,0.0069132,0.022382,0.032695,0.0091691,-0.039171
-0.018546,-0.054962,-0.0014658,-0.034015,0.0069132,-0.046906
-0.024347,-0.088156,-0.0072666,-0.033048,-0.0056553,-0.055929
-0.0098447,0.023349,0.0088468,-0.043361,-0.0043662,-0.048195
0.023027,0.051064,0.037206,-0.023702,0.042363,-0.045939
0.030439,0.12873,0.039785,-0.029825,0.10714,-0.033693
0.01497,0.076201,-0.03337,-0.035626,0.06041,-0.033048
0.018837,-0.10298,0.0082023,-0.02048,0.0075578,-0.044005
0.0053019,-0.13392,0.0024015,-0.045939,-0.016612,-0.041749
0.0062687,-0.085256,0.070722,0.00046785,-0.028214,-0.043361
0.0046573,-0.00049895,0.071367,0.041396,-0.040138,-0.036915
-0.0075889,0.00046785,-0.0059775,-0.052384,-0.074621,-0.039493
0.0082023,0.10359,0.021738,-0.05883,-0.047228,-0.037238
0.016581,0.068789,0.023027,0.019159,0.044619,-0.026603
0.011103,-0.11007,0.017226,0.020771,0.050742,-0.024025
0.014003,-0.12425,0.016581,0.010136,0.047841,-0.02757
0.0014347,-0.078166,0.014648,-0.068175,0.016581,-0.020157
-0.0046884,-0.065275,0.0098136,-0.066242,-0.01339,-0.017901
0.018837,-0.052062,0.016904,0.014325,-0.015646,-0.020802
0.038496,-0.025958,0.021415,0.02915,0.016581,-0.011456
0.028827,-0.023702,0.031406,0.022382,0.062343,-0.0050107
0.0094914,-0.016612,0.021415,0.032372,0.08168,-0.011134
0.014648,-0.0014658,0.0046573,0.011747,0.076523,-0.012423
0.01497,-0.0030771,0.011103,0.014003,0.064277,-0.01339
0.0098136,-0.013712,0.015614,-0.03047,0.026572,-0.01629
0.01787,0.0072355,0.016581,-0.047872,0.039785,-0.011778
0.013681,0.042685,0.0069132,-0.0088779,0.03914,-0.019835
0.010136,-0.0069443,0.0046573,-0.0085557,0.030761,-0.020157
0.0062687,-0.079133,0.0053019,-0.032081,0.015614,-0.02628
0.0024015,-0.018546,0.0094914,-0.049806,-0.016935,-0.039171
-0.0062998,-0.034015,0.011425,-0.10234,-0.058507,-0.045294
-0.014034,0.031406,0.018515,-0.061085,-0.073009,-0.050128
-0.0059775,0.057832,0.011103,-0.010812,-0.073009,-0.033048
0.0069132,-0.058185,-0.012101,-0.075265,-0.072687,-0.026925
0.012392,-0.042716,-0.023058,-0.055929,0.03205,-0.022735
-0.00082122,-0.041105,-0.017901,-0.031437,0.15483,-0.026603
0.0053019,-0.11297,0.020126,-0.038849,0.035595,-0.029181
0.02496,-0.034337,0.071689,0.034628,-0.037882,-0.025958
0.0091691,-0.0050107,0.031728,0.055254,0.04913,-0.031114
0.0085246,-0.01339,0.017226,0.047841,0.095859,-0.032404
0.019804,-0.030792,0.022382,0.052998,0.033339,-0.018224
0.038173,-0.03337,0.020449,-0.010812,0.087158,-0.0069443
0.02915,-0.018868,0.026249,-0.094279,0.10521,-0.011134
0.006591,-0.02338,0.020126,-0.049162,0.099082,-0.013067
0.018837,-0.0050107,0.018193,-0.043361,0.095537,-0.017901
0.019482,0.020449,0.019159,-0.028214,0.019804,-0.020802
0.0027237,-0.06173,0.017226,0.028183,0.0091691,-0.04046
0.0049796,-0.036271,0.017548,0.090703,-0.020157,-0.041427
0.0088468,-0.015646,0.016904,0.01207,-0.020802,-0.039816
0.010136,-0.019513,0.01497,-0.02628,0.039785,-0.041427
0.01207,0.0075578,0.011747,-0.00049895,0.040429,-0.028536
0.0075578,-0.026603,0.0075578,0.0011124,0.0043351,-0.030148
0.0069132,-0.12683,0.011425,-0.013712,0.018193,-0.032404
0.0085246,-0.015968,0.022382,-0.030792,0.024316,-0.030148
0.0059464,0.02496,0.01787,-0.035949,-0.011456,-0.02757
0.00046785,0.022382,0.0056242,-0.035304,-0.035949,-0.029503
0.0024015,0.13518,0.0082023,-0.029825,-0.034337,-0.030148
0.0069132,-0.021124,0.018515,-0.05883,-0.053996,-0.027892
0.014003,-0.14649,0.026894,-0.066242,-0.05174,-0.032081
0.011103,-0.091056,0.025605,-0.05883,0.0069132,-0.02048
0.0085246,-0.01629,0.012714,-0.086545,0.047519,-0.02338
0.013036,0.0082023,0.019159,-0.098469,0.099404,-0.025958
0.01497,-0.028859,0.013359,0.028183,0.12164,-0.016612
0.016904,-0.031759,0.011425,0.07749,0.075556,-0.012101
0.014325,-0.01339,0.013359,0.016581,0.042685,-0.019513
0.017548,-0.0043662,0.0075578,0.058154,0.015292,-0.024025
0.0091691,-0.019191,0.0072355,0.034306,0.006591,-0.02628
0.003046,-0.032404,0.0098136,-0.015968,0.0075578,-0.021124
0.0091691,-0.03047,0.0082023,-0.0011435,0.00014558,-0.02338
0.010136,0.03205,0.00788,-0.0092002,0.0069132,-0.024669
0.01078,0.099082,0.0043351,-0.040138,0.024316,-0.022413
0.031083,0.022704,0.013036,-0.062697,0.026894,-0.018224
0.020126,-0.044005,0.023349,-0.051095,0.00788,-0.025314
0.0091691,-0.029181,0.0088468,-0.018546,-0.023702,-0.031437
0.022704,-0.095246,-0.013067,0.0036905,-0.011134,-0.020802
0.019482,-0.083,-0.019191,-0.013067,0.032695,-0.014679
0.0043351,-0.084933,-0.014034,-0.039171,0.016581,-0.022413
-0.0027548,-0.092668,0.016904,-0.034015,-0.0062998,-0.031114
0.0036905,-0.035626,0.10488,-0.049162,-0.0095225,-0.029503
-0.00082122,0.043974,0.024638,-0.051417,-0.0079111,-0.023702
-0.0059775,-0.040783,-0.033048,-0.033693,0.036562,-0.025958
-0.00017668,-0.07591,0.00046785,-0.010812,0.071045,-0.031759
0.010458,-0.0021103,-0.022091,0.028183,0.1181,-0.015646
0.027216,0.11391,0.10521,0.058476,0.05622,-0.013067
0.021415,0.189,0.11713,0.020771,0.021415,-0.031114
0.01497,0.044941,0.01078,-0.01629,0.053642,-0.034982
0.015614,-0.23833,0.028827,0.0088468,0.056865,-0.027892
0.013681,-0.1771,0.033017,0.00788,0.016581,-0.02757
0.019159,-0.063986,0.031728,0.012392,-0.00049895,-0.028536
0.013036,0.029794,0.020771,-0.010489,0.0017569,-0.028214
0.013036,-0.03337,0.00079012,-0.05174,-0.0046884,-0.039171
0.01207,-0.086867,-0.014679,-0.043361,0.013036,-0.031114
-0.00082122,-0.049162,-0.015646,-0.035626,0.01497,-0.027892
0.0020792,-0.0014658,-0.02338,-0.038204,0.0027237,-0.029181
0.011425,0.024316,0.021738,-0.036915,0.0085246,-0.031759
0.018193,-0.034659,0.050419,-0.030792,0.015292,-0.022413
0.0091691,-0.072365,0.01787,-0.046583,0.0062687,-0.019513
0.0046573,-0.04046,-0.0046884,-0.014679,0.0085246,-0.03047
0.038818,-0.0059775,0.0072355,0.026572,0.0072355,-0.032726
0.013036,0.012392,-0.0024326,-0.0066221,0.019159,-0.032081
0.013036,-0.001788,0.013359,-0.015323,0.04623,-0.032726
0.01078,0.0049796,0.052031,-0.0040439,0.065888,-0.028536
0.0049796,-0.010489,-0.0098447,0.0020792,0.059443,-0.025314
0.0056242,-0.02338,0.0011124,-0.013067,0.034951,-0.018868
0.0043351,-0.0075889,0.031083,-0.056896,0.031728,-0.021124
0.0049796,-0.0021103,0.051709,-0.084933,0.014648,-0.028859
0.017226,-0.0046884,0.013681,-0.12071,-0.0056553,-0.021769
0.015937,-0.013067,0.0043351,-0.10556,-0.0066221,-0.020157
0.01078,-0.01339,0.0040128,-0.054962,-0.028859,-0.025636
0.014648,-0.014034,0.0059464,0.023027,-0.010812,-0.014679
0.017226,-0.01629,0.014648,0.063633,0.052675,-0.0024326
0.01497,-0.013067,0.016904,0.10972,0.072978,-0.0072666
0.003046,-0.010812,0.018837,0.11133,0.029794,-0.014679
-0.012745,-0.013067,0.011747,0.0072355,0.057509,-0.029503
-0.012101,-0.021769,0.0069132,0.0020792,0.074267,-0.011456
0.0098136,-0.017901,0.019482,0.0020792,0.070078,0.018515
0.019482,-0.016935,0.016581,-0.023702,0.038496,-0.01629
0.022382,-0.012101,0.014648,-0.035949,0.0046573,-0.050128
0.0094914,-0.0092002,0.015937,-0.044972,0.019159,-0.051417
0.0088468,0.0017569,0.0049796,-0.044972,0.034951,-0.044972
0.013359,-0.029503,0.0056242,-0.037238,0.02496,-0.04465
0.0069132,-0.047872,0.006591,-0.0082334,-0.027892,-0.055607
0.0043351,-0.026925,0.02206,0.0056242,-0.050128,-0.049806
0.0062687,-0.046261,0.038818,0.015937,-0.088156,-0.048839
0.0049796,-0.043683,0.022704,0.054287,-0.11007,-0.05174
0.011425,-0.03337,0.0094914,0.022382,0.017226,-0.037238
0.0075578,-0.026603,-0.0021103,-0.044005,0.13937,-0.031759
0.0046573,-0.03047,-0.0059775,-0.097502,0.03624,-0.02628
0.0056242,-0.033693,0.016259,-0.099113,0.048486,-0.024991
0.0082023,-0.026603,0.021738,-0.11297,0.033984,-0.014679
0.0094914,-0.022091,0.020771,-0.066886,-0.042716,-0.017579
0.01497,-0.021446,0.019482,-0.046583,-0.038849,-0.014034
0.015614,-0.017901,0.018837,-0.025958,0.0043351,-0.0059775
0.01078,-0.011778,0.020449,0.057509,0.061699,-0.011134
0.011425,-0.0066221,0.026894,0.12293,0.099727,-0.011134
0.020771,-0.017257,0.023671,0.074267,0.084258,0.0027237
0.020771,-0.024669,0.021738,-0.04465,0.042363,-0.0050107
0.012392,-0.018546,0.0091691,-0.10846,0.043974,-0.02338
0.01078,-0.0098447,-0.00082122,-0.12167,0.045908,-0.026925
0.015614,0.014003,0.01207,-0.09009,0.0036905,-0.032404
0.0072355,-0.067209,0.015292,-0.02628,0.0062687,-0.029181
0.014325,-0.073009,0.016259,0.026572,-0.013067,-0.022091
0.018837,-0.048839,0.022382,0.083291,0.049453,-0.013712
0.01497,0.035595,0.024316,0.075556,0.10907,-0.013712
0.013681,0.0049796,-0.0027548,0.03914,0.090381,-0.02757
0.011747,-0.031114,0.016259,-0.0079111,0.02496,-0.036915
0.0024015,0.0088468,0.027216,-0.049806,-0.018868,-0.032726
0.0094914,-0.057541,0.024316,-0.069464,-0.010812,-0.029825
0.024316,-0.16389,0.016259,-0.057218,-0.020802,-0.032404
0.0036905,0.13066,0.030439,-0.020802,0.0027237,-0.032726
0.00046785,0.34207,0.026249,-0.005333,0.022704,-0.024669
0.0049796,-0.11329,0.020449,0.0082023,0.00079012,-0.026925
0.013036,-0.16743,-0.0050107,-0.010812,0.019482,-0.034015
0.006591,-0.13102,0.0011124,-0.045617,0.046552,-0.038204
0.0094914,-0.032726,0.0020792,0.014325,0.054287,-0.03337
0.0098136,-0.03337,0.0011124,0.019159,0.053642,-0.019835
-0.012745,-0.087834,0.0011124,-0.019835,0.018837,-0.019191
0.00014558,0.027538,-0.0024326,-0.015968,0.0059464,-0.032404
0.019804,0.065888,0.035273,-0.017901,0.014648,-0.03047
0.016259,-0.12296,0.045263,-0.031437,0.020771,-0.030792
0.0046573,-0.12908,-0.014357,-0.031437,-0.00082122,-0.024669
0.019804,0.032372,-0.057541,-0.0059775,-0.022413,-0.024025
0.018193,0.046552,-0.045617,0.0040128,-0.035949,-0.025314
0.026572,0.0024015,0.086514,-0.033693,-0.025636,-0.020802
0.0072355,-0.15003,0.11358,-0.049162,0.0088468,-0.021446
-0.0056553,-0.064308,-0.0098447,-0.03756,0.0091691,-0.028214
0.019159,0.13937,0.0094914,0.0082023,0.027538,-0.026925
0.013681,0.081035,0.042363,0.01787,0.093603,-0.021769
0.016904,-0.055929,0.031406,-0.0072666,0.072978,-0.022735
0.045585,-0.13843,0.057832,-0.034982,0.01078,-0.018546
0.019804,-0.072365,0.082324,-0.043683,0.020126,-0.0062998
0.02206,-0.089123,0.023349,-0.063341,0.031728,-0.010812
0.027538,-0.043361,-0.0024326,-0.11813,0.034951,-0.012745
0.02206,-0.001788,0.018515,-0.10427,0.014003,-0.030792
0.0082023,-0.0056553,0.013681,0.0049796,0.034628,-0.043361
-0.00082122,-0.011134,0.011425,0.035917,0.023027,-0.052706
-0.017579,-0.018224,0.012392,0.049453,0.0017569,-0.048839
-0.012101,-0.012745,0.015614,-0.018868,-0.0062998,-0.028536
-0.0024326,0.0098136,0.016259,-0.036271,-0.030792,-0.03047
0.013036,0.010136,0.025283,0.006591,-0.0046884,-0.028859
0.0027237,-0.005333,0.022382,0.025605,0.11294,-0.029503
0.0033683,-0.014679,0.0085246,0.017548,0.11745,-0.031759
0.027216,-0.028214,0.00046785,0.018193,0.00788,-0.028859
0.031728,-0.012101,-0.0066221,0.070722,-0.0079111,-0.013067
0.030117,-0.0069443,-0.0040439,0.041718,-0.022091,-0.013712
0.02496,-0.029825,-0.014034,-0.042716,-0.054962,-0.014034
0.012392,-0.039493,-0.045617,-0.0050107,-0.074298,-0.017579
0.011425,-0.02048,-0.01339,0.03205,0.072656,-0.016935
0.014003,-0.011456,0.0049796,-0.021769,0.15065,-0.013712
0.0094914,-0.0079111,0.034628,-0.11168,0.022704,-0.021124
0.0036905,-0.0030771,0.069756,-0.046906,0.062988,-0.02048
0.0017569,-0.0082334,0.020126,-0.077521,0.057832,-0.025636
0.00014558,-0.018868,0.0059464,-0.10491,0.025283,-0.029503
0.0036905,-0.019835,0.015937,0.010136,0.14581,-0.031437
0.00788,-0.017257,0.011103,0.023671,0.10682,-0.027247
0.00788,-0.021124,0.011103,0.014325,-0.028214,-0.032081
0.0088468,-0.025314,0.011747,-0.056896,-0.020157,-0.032726
0.01207,-0.018868,0.015292,-0.040138,0.01497,-0.035626
0.01078,-0.0014658,0.013681,-0.01339,0.0062687,-0.036915
0.011425,-0.0088779,0.014325,-0.066242,-0.0046884,-0.036593
0.014648,-0.037238,0.02206,-0.02628,0.013359,-0.033693
0.006591,-0.053673,0.021093,0.0056242,0.01078,-0.024991
0.0049796,-0.031437,0.017548,-0.00017668,0.026249,-0.017579
0.0017569,-0.018224,0.013359,-0.00017668,0.04913,-0.022091
0.0027237,-0.022413,0.016259,0.013359,0.027216,-0.028214
-0.00049895,-0.026603,0.02206,0.013681,0.0075578,-0.028214
0.0053019,0.020771,0.023349,0.0046573,-0.0021103,-0.025636
0.0072355,-0.035626,0.021093,0.018515,0.011747,-0.035949
0.013036,-0.064953,0.01078,-0.04046,0.017226,-0.036593
0.0098136,0.00788,0.018193,-0.062052,-0.0027548,-0.030148
0.018193,0.057187,-0.0030771,-0.063664,-0.016935,-0.025314
0.01787,0.036562,-0.0011435,-0.033048,-0.012101,0.0056242
0.01497,-0.063341,0.019159,0.0043351,-0.0098447,0.026249
0.01207,-0.13456,0.028505,0.027538,-0.054962,-0.031437
0.0098136,-0.17227,0.043974,0.031406,-0.045939,-0.06173
0.0091691,-0.063341,0.027216,-0.044327,-0.012101,-0.051417
0.015614,0.11068,0.022382,-0.034659,0.022704,-0.032726
0.015937,0.02206,0.0069132,0.0036905,0.049453,-0.02048
0.011103,0.055254,0.0062687,-0.0072666,0.10617,-0.022091
0.011425,-0.025958,0.013359,0.00046785,0.10263,-0.016612
0.016581,-0.14488,0.011103,-0.015646,0.0088468,-0.021769
0.017226,-0.0043662,0.020126,-0.021446,-0.041427,-0.026603
0.011103,-0.049806,0.010458,-0.029825,-0.015323,-0.023702
0.011425,-0.011778,0.012392,-0.074621,-0.0056553,-0.022413
0.0098136,0.0085246,0.01787,-0.11458,-0.0056553,-0.027247
0.01497,-0.0043662,0.010458,-0.050128,0.07459,-0.03047
0.0027237,0.01078,0.014003,0.010136,0.1413,-0.032726
0.0043351,-0.043683,0.018515,-0.033693,0.045585,-0.039816
0.0069132,-0.027892,0.018837,-0.035304,-0.027892,-0.042394
-0.0030771,-0.013067,0.0059464,0.11745,-0.02757,-0.037238
0.011103,-0.069464,-0.0059775,0.076523,-0.0030771,-0.025958
0.016259,-0.09589,0.0046573,-0.0056553,0.022382,-0.028214
0.014648,0.064277,0.014648,-0.0082334,0.033662,-0.024347
0.0062687,0.13066,0.049775,0.043974,0.1529,-0.016935
-0.0046884,0.060732,0.041718,0.029472,0.22154,-0.023702
0.01207,0.038818,-0.0030771,-0.021769,0.068144,-0.018224
0.0072355,-0.097502,0.0062687,-0.048195,0.01787,-0.019835
0.00014558,-0.16196,0.038496,-0.031759,-0.021769,-0.021446
-0.012423,-0.11587,0.032695,-0.027247,-0.050451,-0.01629
0.00046785,-0.065597,-0.0037216,0.0094914,-0.02628,-0.017579
0.030761,-0.0088779,-0.016612,0.0098136,-0.011134,-0.016612
0.046875,0.0036905,-0.036271,-0.068498,-0.017901,-0.014357
0.035917,0.0082023,-0.0062998,-0.11168,-0.00017668,-0.018868
0.021415,-0.017257,0.052998,0.042041,0.024638,-0.023058
0.014648,0.0059464,0.10037,0.049453,0.02206,-0.023702
0.0059464,0.15677,0.033017,-0.055929,0.027538,-0.028214
0.016904,0.16837,0.0098136,-0.080099,-0.00082122,-0.020802
0.02915,-0.098469,0.0027237,-0.057863,-0.053673,-0.02048
0.019159,-0.24317,0.02206,-0.052706,-0.059152,-0.02338
-0.0046884,-0.20707,0.12003,-0.043683,0.10617,-0.030792
0.01497,-0.0050107,0.022382,-0.019513,0.13872,-0.032081
0.0088468,0.14323,-0.080422,-0.035304,0.052031,-0.038849
0.013681,0.043652,0.024638,-0.029503,0.0094914,-0.041427
0.0020792,-0.10653,0.0036905,-0.04755,-0.019191,-0.028859
-0.0075889,-0.053029,-0.0092002,-0.065275,-0.022413,-0.02757
0.0033683,0.061377,0.0020792,-0.043683,0.031406,-0.029181
0.016259,-0.12812,-0.011456,-0.043038,0.063633,-0.025636
0.022382,-0.16937,-0.012745,0.003046,0.035273,-0.025958
0.031728,-0.080099,0.018515,0.062666,0.045908,-0.017901
0.023027,-0.10943,0.037206,0.057509,0.033339,-0.024669
0.0094914,-0.18065,0.052353,-0.03337,0.021093,-0.019513
0.015292,-0.028859,0.015614,0.0085246,0.018515,-0.020802
0.012392,0.12905,-0.0088779,0.041074,-0.022735,-0.021446
0.0043351,0.018193,0.034306,-0.034982,-0.020802,-0.019513
0.0053019,0.044619,0.045263,-0.0014658,-0.0030771,-0.024347
0.017226,0.026572,0.0024015,-0.00082122,-0.035949,-0.018868
0.014325,-0.028536,0.0059464,0.0043351,-0.056251,-0.022735
0.012714,0.016581,0.026572,0.041074,0.080713,-0.037238
0.0075578,-0.032726,0.024316,0.064599,0.16192,-0.042072
0.0046573,-0.075265,0.017548,-0.036271,0.011425,-0.022413
0.0085246,0.0046573,0.021738,-0.07881,-0.0037216,-0.024025
0.0040128,0.15258,0.01787,-0.04755,0.023993,-0.029503
-0.012423,0.0098136,0.020449,-0.061408,0.003046,-0.045939
-0.010489,-0.021769,-0.00017668,-0.070431,-0.024347,-0.050451
-0.00082122,0.0033683,-0.0021103,-0.081066,-0.0059775,-0.028536
-0.00082122,0.013036,0.0072355,-0.019513,0.024316,-0.024669
0.014648,-0.02628,0.0017569,0.033984,0.036884,-0.015646
0.010136,-0.015001,0.017548,0.053642,0.069111,-0.00017668
0.0098136,0.016581,0.01787,0.02915,0.14839,0.037851
0.026572,-0.021124,0.018193,0.0014347,0.18835,0.0049796
0.021093,-0.06882,0.0088468,0.0049796,0.055898,-0.054962
0.0043351,-0.062052,0.0085246,-0.025636,-0.0056553,-0.066242
0.01078,-0.0046884,0.011425,-0.03047,-0.010167,-0.055929
0.0062687,0.0036905,0.013681,-0.028536,-0.035949,-0.050128
0.0043351,-0.027247,0.018515,-0.06882,-0.043683,-0.047228
0.0033683,-0.053673,0.019159,-0.080422,-0.054962,-0.040138
0.010136,-0.046261,0.015614,0.015614,-0.053673,-0.034015
0.018515,-0.080422,0.016259,0.064922,-0.031114,-0.019835
0.024638,-0.053351,0.013359,-0.012745,0.055898,-0.020802
0.027538,0.09457,0.011103,-0.042716,0.14452,-0.021769
0.014325,0.01787,0.0024015,-0.02048,0.071689,-0.022413
0.010458,-0.083967,0.015614,-0.022413,0.049453,-0.019513
-0.00017668,-0.096857,0.022704,-0.068175,-0.048195,-0.023702
0.010136,-0.03337,0.047519,0.0017569,-0.09589,-0.021769
